n	średniaLiczbaPorównań	maksLiczbaPorównańDlaJednejOperacji	średniaLiczbaOdczytówIPodstawieńWskaźników	maksLiczbaOdczytówIPodstawień	średniaWysokośćDrzewaPoKażdejOperacji	maksWysokośćDrzewa
10000	22.1932	47	37.1262	85	21.4982	24
10000	22.1392	45	37.1941	85	21.4369	24
10000	22.1698	45	37.1164	85	21.2458	24
10000	22.1489	45	37.1547	85	21.428	24
10000	22.1853	45	37.1402	85	21.2169	24
10000	22.1653	45	37.2062	85	21.288	24
10000	22.1689	47	37.0943	85	21.4304	24
10000	22.1741	45	37.1378	86	21.1516	24
10000	22.1511	45	37.144	85	21.3276	24
10000	22.1837	45	37.1549	85	21.189	24
10000	22.1597	45	37.203	85	21.2249	24
10000	22.1646	47	37.1655	85	21.5265	24
10000	22.1644	45	37.1928	85	21.4098	24
10000	22.158	45	37.1734	85	21.8192	24
10000	22.1383	45	37.1767	85	21.5851	24
10000	22.1802	43	37.125	85	21.25	24
10000	22.1565	47	37.177	85	21.3201	24
10000	22.1455	45	37.2136	85	21.6966	24
10000	22.1485	45	37.1851	85	21.4574	24
10000	22.1788	45	37.1226	85	21.5681	24
20000	24.1571	49	38.628	91	23.2359	26
20000	24.1778	49	38.6347	91	23.4029	26
20000	24.1734	49	38.6105	91	23.3252	26
20000	24.154	47	38.6874	91	23.2552	26
20000	24.1581	51	38.7242	91	23.1857	26
20000	24.1883	49	38.6303	91	23.448	26
20000	24.1676	49	38.6315	91	23.4794	26
20000	24.1773	47	38.6199	91	23.2477	26
20000	24.1658	49	38.6689	91	23.8019	26
20000	24.1713	47	38.6408	91	23.706	26
20000	24.1654	49	38.6622	91	22.9617	26
20000	24.1434	51	38.6902	91	23.4233	26
20000	24.1681	49	38.7138	91	23.2085	26
20000	24.1724	49	38.6635	91	23.3476	26
20000	24.1612	51	38.6865	91	23.2833	26
20000	24.1807	49	38.658	91	23.3394	26
20000	24.1708	49	38.6354	91	23.698	26
20000	24.1665	49	38.6788	91	23.4117	26
20000	24.1677	49	38.6711	91	23.051	26
20000	24.1534	49	38.7069	91	23.8339	26
30000	25.146	51	39.4055	96	24.3889	27
30000	25.1495	53	39.4463	96	24.4068	27
30000	25.1431	51	39.4662	96	24.3306	27
30000	25.1428	49	39.4558	96	24.3027	27
30000	25.1301	51	39.4821	96	24.2156	27
30000	25.1427	53	39.4222	96	24.294	27
30000	25.1586	51	39.4143	96	24.3606	27
30000	25.149	51	39.4606	96	24.1992	27
30000	25.1446	49	39.4447	96	24.203	27
30000	25.1461	51	39.4321	96	24.7284	27
30000	25.1459	53	39.4501	96	24.5611	27
30000	25.1425	49	39.4407	96	24.3994	27
30000	25.1493	49	39.455	96	24.5771	27
30000	25.1594	51	39.4627	96	24.5427	27
30000	25.1224	51	39.4661	96	24.4673	27
30000	25.1237	53	39.5056	96	24.4969	27
30000	25.1355	51	39.4547	96	24.7657	27
30000	25.1512	51	39.4232	96	24.2657	27
30000	25.1353	53	39.4864	96	24.4142	27
30000	25.1542	53	39.4505	96	24.3538	27
40000	26.1678	53	40.1624	97	25.5067	28
40000	26.1544	53	40.188	97	24.981	28
40000	26.1621	53	40.1784	97	25.2445	28
40000	26.167	53	40.1618	97	25.1013	28
40000	26.1548	53	40.1963	97	25.1243	28
40000	26.1603	53	40.1833	97	25.5705	28
40000	26.1668	53	40.1692	97	25.2225	28
40000	26.1443	53	40.2026	97	24.9839	28
40000	26.1671	53	40.152	97	25.307	28
40000	26.1654	55	40.1935	97	25.1073	28
40000	26.1534	53	40.1929	97	25.3835	28
40000	26.1627	53	40.1753	97	25.186	28
40000	26.1641	53	40.1858	97	25.1877	28
40000	26.162	51	40.1621	97	25.7382	28
40000	26.1629	53	40.1666	97	25.4901	28
40000	26.1494	53	40.1753	97	25.6453	28
40000	26.1612	53	40.1324	97	25.3611	28
40000	26.1771	53	40.1832	97	25.7108	28
40000	26.1591	53	40.179	97	25.2464	28
40000	26.1525	53	40.1945	97	25.4527	28
50000	26.6627	55	40.6025	97	26.0868	29
50000	26.668	55	40.5462	97	25.9101	29
50000	26.6696	55	40.5547	97	26.0491	29
50000	26.6652	55	40.5829	97	26.303	29
50000	26.6603	55	40.6068	97	26.3348	29
50000	26.6724	55	40.5858	97	26.2505	29
50000	26.667	57	40.5765	97	26.0127	29
50000	26.6687	55	40.56	97	25.9583	29
50000	26.6684	55	40.5605	97	26.0485	29
50000	26.6737	55	40.5757	97	26.0418	29
50000	26.6702	57	40.5921	97	26.3398	29
50000	26.6736	53	40.552	97	26.0696	29
50000	26.6713	55	40.5875	97	26.206	29
50000	26.6658	55	40.5771	97	26.1769	29
50000	26.6522	55	40.5841	97	26.0357	29
50000	26.6767	55	40.5607	97	26.224	29
50000	26.6637	53	40.5883	97	26.0098	29
50000	26.6617	55	40.5633	97	26.2401	29
50000	26.6819	55	40.5538	97	26.2918	29
50000	26.6681	55	40.568	97	25.9577	29
60000	27.15	55	40.9388	102	26.3045	29
60000	27.1395	55	40.9514	102	26.3346	29
60000	27.134	53	40.9587	102	26.4914	29
60000	27.1252	55	40.9942	102	26.5109	29
60000	27.1414	55	40.9495	102	26.1929	29
60000	27.1387	55	40.9628	102	26.6057	29
60000	27.1441	53	40.9593	102	26.3471	29
60000	27.1488	55	40.9576	102	26.3979	29
60000	27.1378	55	40.9692	102	26.3296	29
60000	27.1458	53	40.9567	102	26.4176	29
60000	27.1407	53	40.9449	102	26.6102	29
60000	27.1391	55	40.9614	102	26.2716	29
60000	27.1437	55	40.9663	102	26.4101	29
60000	27.1484	53	40.9379	102	26.4604	29
60000	27.141	55	40.9379	102	26.3881	29
60000	27.1363	55	40.9765	102	26.577	29
60000	27.1458	53	40.9378	102	26.1747	29
60000	27.1418	55	40.9388	102	26.6225	29
60000	27.1437	55	40.9386	102	26.0403	29
60000	27.1374	55	40.9394	102	26.7661	29
70000	27.7489	59	41.3836	102	27.4775	30
70000	27.7574	57	41.3841	102	27.1397	30
70000	27.7531	59	41.3748	102	27.2938	30
70000	27.7585	55	41.3871	102	27.1106	30
70000	27.7549	55	41.389	102	27.0917	30
70000	27.7615	57	41.3749	102	27.6512	30
70000	27.7614	57	41.3853	102	26.8789	30
70000	27.7624	57	41.3798	102	26.883	30
70000	27.7601	57	41.3771	102	26.9772	30
70000	27.7559	55	41.3867	102	26.8261	30
70000	27.7447	57	41.3977	102	27.5522	30
70000	27.7522	57	41.3701	102	27.3256	30
70000	27.7657	57	41.3726	102	27.0134	30
70000	27.761	59	41.4027	102	27.2292	30
70000	27.7573	57	41.3869	102	27.0532	30
70000	27.7587	57	41.3737	102	27.348	30
70000	27.7644	57	41.3878	102	27.0072	30
70000	27.7509	57	41.389	102	27.2478	30
70000	27.7571	57	41.3741	102	27.3686	30
70000	27.7555	59	41.4052	102	27.2366	30
80000	28.1582	59	41.7014	103	27.4778	30
80000	28.1589	57	41.6683	103	27.1913	30
80000	28.1594	57	41.6954	103	27.3513	30
80000	28.1603	57	41.675	103	27.3089	30
80000	28.1568	57	41.6651	103	27.3459	30
80000	28.1616	57	41.6881	103	27.0924	30
80000	28.1611	57	41.7048	103	27.2745	30
80000	28.1627	57	41.6787	103	27.4045	30
80000	28.1517	57	41.7207	103	27.2054	30
80000	28.16	59	41.6837	103	27.3628	30
80000	28.16	57	41.6833	103	27.1079	30
80000	28.1651	59	41.6722	103	27.2969	30
80000	28.1559	57	41.6925	103	27.0997	30
80000	28.16	57	41.6783	103	27.294	30
80000	28.1604	57	41.6799	103	27.5544	30
80000	28.1498	57	41.6951	103	27.7362	30
80000	28.1572	55	41.6922	103	27.3035	30
80000	28.1622	57	41.6621	103	27.3193	30
80000	28.1686	57	41.6638	103	26.9875	30
80000	28.1675	57	41.6712	103	27.4517	30
90000	28.3338	57	41.8647	103	27.3252	30
90000	28.3294	57	41.8725	103	27.5417	30
90000	28.3356	59	41.8409	103	27.5681	30
90000	28.335	57	41.8488	103	27.6638	30
90000	28.3329	59	41.8371	103	27.9784	30
90000	28.3433	57	41.8391	103	27.4006	30
90000	28.3329	55	41.8482	103	27.4077	30
90000	28.3406	57	41.8603	103	27.4385	30
90000	28.3273	57	41.8622	103	27.7335	30
90000	28.3305	57	41.8505	103	27.369	30
90000	28.3281	59	41.8561	103	27.3777	30
90000	28.3456	57	41.8398	103	27.4616	30
90000	28.3396	57	41.8502	103	27.5605	30
90000	28.3293	59	41.8518	103	27.9207	30
90000	28.3292	57	41.8632	103	27.2574	30
90000	28.3373	59	41.8498	103	27.4652	30
90000	28.3362	57	41.8501	103	27.177	30
90000	28.3387	57	41.8303	103	27.3154	30
90000	28.331	55	41.8478	103	27.3857	30
90000	28.323	57	41.8713	103	27.5326	30
100000	28.6734	59	42.0888	103	28.017	31
100000	28.6709	59	42.0628	103	28.0104	31
100000	28.6679	59	42.0705	103	28.1082	31
100000	28.6634	59	42.075	103	28.1367	31
100000	28.6692	59	42.0823	103	27.8988	31
100000	28.6653	59	42.0942	103	28.4525	31
100000	28.6704	57	42.0749	103	27.9626	31
100000	28.6701	61	42.0796	103	28.0223	31
100000	28.6719	59	42.0736	103	27.9232	31
100000	28.6731	57	42.0893	103	28.2386	31
100000	28.6645	59	42.1064	103	28.3795	31
100000	28.6724	61	42.0878	103	27.9613	31
100000	28.6691	59	42.0867	103	27.8997	31
100000	28.6671	57	42.0745	103	28.3776	31
100000	28.6747	57	42.06	103	28.0185	31
100000	28.6657	59	42.0825	103	28.3039	31
100000	28.6659	61	42.0984	103	28.3906	31
100000	28.6698	57	42.1046	103	27.8833	31
100000	28.6674	59	42.101	103	28.5172	31
100000	28.6607	59	42.0797	103	28.2291	31
