n	liczbaPorównań	maksLiczbaPorównańDlaJednejOperacji	liczbaOdczytówIPodstawieńWskaźników	maksLiczbaOdczytówIPodstawień	średniaWysokośćDrzewaPoKażdejOperacji	maksWysokośćDrzewa
10000	448960	59	409781	48	27.3625	31
10000	448541	61	409777	47	28.0088	31
10000	439360	55	403599	45	26.5645	29
10000	420697	55	390999	42	25.6597	30
10000	452261	65	412615	47	30.5177	34
10000	448090	61	409180	45	28.8985	35
10000	448447	65	409198	44	30.8513	36
10000	458091	63	415749	43	29.0863	33
10000	439925	59	404166	43	28.049	32
10000	424648	53	393954	41	25.0723	29
10000	460241	65	416940	47	30.7408	35
10000	423109	59	393524	47	27.1591	33
10000	484211	63	433825	44	29.1589	34
10000	464269	59	420164	46	27.3889	31
10000	469734	63	423786	51	28.7206	33
10000	438825	53	403434	45	24.9049	29
10000	421129	57	390885	49	26.5969	30
10000	448136	55	409034	43	26.7082	30
10000	428732	55	396998	42	26.2629	31
10000	431817	55	398163	40	25.4126	30
20000	1024740	67	903940	50	30.8731	34
20000	955634	63	858361	46	29.7087	34
20000	1071420	67	935645	48	31.6214	37
20000	994485	61	883865	45	29.773	34
20000	1039356	67	914234	48	29.7471	34
20000	966634	65	865264	48	29.22	34
20000	993932	63	884933	47	29.9112	33
20000	960188	61	861625	47	28.8842	32
20000	948286	67	853525	46	29.9338	34
20000	1031300	71	909274	47	32.6276	36
20000	922493	61	836134	46	28.5099	33
20000	968827	61	867179	46	28.6028	33
20000	981490	65	876484	50	29.9424	35
20000	936217	59	844550	44	28.5239	31
20000	927475	61	840213	47	28.3728	33
20000	949093	67	854828	47	29.1518	34
20000	976773	63	871808	46	27.9473	32
20000	1016324	67	898718	50	31.5013	36
20000	995170	69	884950	48	31.6118	35
20000	911992	59	829724	43	28.0338	32
30000	1466236	63	1308369	46	29.3665	34
30000	1600523	65	1398163	53	30.7646	34
30000	1496149	67	1329068	49	30.8466	35
30000	1515548	67	1341195	50	30.3359	34
30000	1535816	69	1355404	51	31.5033	35
30000	1497255	71	1329321	48	32.8625	37
30000	1520687	71	1345729	47	30.8944	36
30000	1459302	69	1304908	46	31.1683	37
30000	1490169	65	1324921	45	29.39	34
30000	1480414	65	1319246	46	29.6621	34
30000	1706225	73	1468864	51	35.0271	38
30000	1590317	71	1391383	50	33.4625	36
30000	1546450	79	1361704	52	36.3997	41
30000	1496639	65	1330234	51	30.9943	36
30000	1451727	61	1299102	45	29.2354	34
30000	1545580	65	1361686	51	31.8695	36
30000	1528829	73	1351858	52	31.9156	38
30000	1548537	69	1364334	47	31.6697	35
30000	1502444	67	1334498	49	30.504	34
30000	1607642	69	1406698	53	33.2984	37
40000	2085053	69	1832432	49	33.3025	38
40000	2148348	75	1875511	52	33.7734	41
40000	2051099	69	1811321	50	31.6086	37
40000	2175788	69	1891804	48	32.6737	36
40000	2028050	67	1794358	48	31.1186	35
40000	1976572	63	1759036	48	29.0619	34
40000	1993504	61	1772023	46	29.5866	33
40000	2270499	75	1957815	54	36.2219	39
40000	2084163	67	1831074	49	31.6624	36
40000	2183405	77	1897910	50	36.2532	40
40000	2232836	73	1931256	49	33.0798	37
40000	2157499	77	1880274	53	36.7081	41
40000	2092327	69	1838683	53	32.3751	37
40000	2212345	79	1916471	51	36.3679	41
40000	2185107	73	1898360	50	35.5162	39
40000	2151438	67	1876033	49	32.0432	37
40000	2125850	75	1862199	51	35.0892	39
40000	2207876	79	1915574	53	37.0065	42
40000	2035615	65	1798899	48	30.4567	35
40000	2223001	75	1924467	50	33.6386	38
50000	2674785	71	2336783	48	32.7717	37
50000	2780513	69	2407330	51	32.655	37
50000	2599878	75	2286732	54	34.2923	39
50000	2597466	69	2284816	51	32.7942	38
50000	2838582	73	2445867	53	34.9081	39
50000	2733096	77	2374943	49	34.735	39
50000	2681577	69	2342299	50	32.6464	36
50000	2858045	71	2457488	52	34.7031	38
50000	2609055	69	2293520	51	32.9875	37
50000	2903483	71	2487130	49	32.6274	36
50000	2678881	73	2338085	56	34.8745	39
50000	2791432	69	2414336	49	32.7557	36
50000	2698808	71	2353006	52	33.6886	38
50000	2690096	75	2345789	51	35.2769	38
50000	3102806	75	2622289	52	34.6948	38
50000	2928677	77	2504113	51	36.3457	40
50000	2671467	73	2334270	52	33.1546	38
50000	2815217	75	2430316	53	35.0878	39
50000	2736822	73	2379504	48	32.7091	37
50000	2812668	73	2428219	50	33.189	38
60000	3145129	71	2759543	49	33.4798	38
60000	3316021	79	2875071	51	36.3448	41
60000	3266056	67	2842030	52	32.989	38
60000	3529443	73	3014485	53	34.573	38
60000	3513400	73	3006169	53	34.8955	40
60000	3425169	79	2948916	53	35.6439	40
60000	3450974	71	2965162	50	32.9918	37
60000	3221630	73	2813377	49	34.783	39
60000	3471614	79	2977501	55	35.4266	40
60000	3248152	69	2829769	49	32.5231	38
60000	3435229	79	2952875	54	37.2979	41
60000	3366129	75	2907243	53	34.9779	39
60000	3336442	73	2888531	48	33.9687	38
60000	3356821	69	2903029	49	33.0797	38
60000	3167320	71	2775940	52	32.9974	37
60000	3312786	71	2873605	50	33.3648	37
60000	3133546	71	2750074	51	33.6766	37
60000	3290907	77	2855559	50	34.1026	39
60000	3601722	73	3064092	52	34.6054	39
60000	3211118	65	2804533	51	31.351	34
70000	4013580	77	3450979	55	37.6897	43
70000	3925581	75	3391925	52	33.8485	39
70000	3810485	69	3316428	51	32.4973	37
70000	3871053	75	3357952	50	34.1745	39
70000	3980796	73	3427223	54	34.2717	38
70000	3978530	75	3426987	53	35.7509	40
70000	4006206	77	3444641	52	35.1646	40
70000	4097305	79	3504118	51	36.3982	42
70000	3866711	71	3352281	50	33.5284	38
70000	3895980	75	3371492	54	34.8802	38
70000	4039784	83	3467466	54	38.3171	43
70000	3758420	71	3278227	49	32.469	36
70000	3739894	77	3267872	59	34.8976	41
70000	4045161	81	3472074	53	38.4663	42
70000	4015240	73	3451291	53	33.9588	38
70000	3821783	69	3319257	49	32.0029	36
70000	4058121	75	3480431	52	34.3455	38
70000	4008894	77	3445961	55	35.6043	40
70000	3927826	75	3394114	56	35.8552	39
70000	3941354	81	3403477	50	36.7987	42
80000	4913872	85	4163152	55	39.0633	43
80000	4785583	79	4075290	54	37.0227	41
80000	4695374	75	4014898	52	35.5585	40
80000	4374428	75	3801903	52	35.0964	39
80000	4638019	85	3976717	54	38.5731	43
80000	4561016	73	3926860	52	34.4595	38
80000	4392251	71	3815178	50	33.3087	37
80000	4853286	77	4123496	52	35.8185	40
80000	4660931	77	3992783	56	36.1897	41
80000	4416428	75	3830612	52	35.3671	39
80000	4526177	75	3905098	52	34.6317	38
80000	4476639	75	3867837	51	34.6788	39
80000	4862101	83	4125516	58	38.166	42
80000	4623325	75	3967683	53	34.8605	38
80000	4606508	79	3957075	54	38.3497	42
80000	4660396	77	3990044	55	36.446	40
80000	4477655	71	3869501	53	34.378	38
80000	4914324	79	4162024	55	38.7588	42
80000	4623987	81	3967002	56	37.8484	42
80000	4720267	77	4032681	53	36.2499	40
90000	5291573	83	4526281	59	38.1327	42
90000	5493772	79	4654810	57	37.8914	43
90000	5535314	81	4687369	55	37.1439	41
90000	5254515	81	4499013	54	37.0638	42
90000	5023490	75	4345414	52	35.3965	40
90000	5122795	77	4410280	52	36.529	42
90000	5186586	75	4454874	52	35.2126	38
90000	5082375	75	4382935	53	34.887	40
90000	5281441	85	4517123	59	39.5102	44
90000	5179918	75	4450553	52	35.6028	39
90000	5107082	79	4402934	55	36.2208	43
90000	5151926	83	4430101	55	40.1806	44
90000	5185486	73	4452516	53	35.5404	39
90000	5458179	79	4634677	54	36.7627	41
90000	5088774	73	4388280	53	34.7765	38
90000	5060224	73	4370394	55	35.6197	39
90000	5084871	73	4386450	51	33.6247	37
90000	5213998	75	4475368	54	36.1613	40
90000	4964910	75	4304048	53	34.4333	39
90000	5091733	71	4389596	55	33.9817	38
100000	5764422	73	4948599	53	35.8666	38
100000	6024497	79	5125868	56	38.3547	44
100000	5554843	71	4811337	53	34.248	38
100000	5881205	73	5026818	52	34.4733	38
100000	5749588	75	4939104	51	34.6427	39
100000	5725606	75	4924310	52	36.1601	39
100000	5652591	73	4872037	52	35.4071	40
100000	5857405	87	5012381	62	40.9145	45
100000	5777543	73	4957627	56	34.3465	38
100000	5795355	77	4971318	53	35.4362	40
100000	5936305	77	5063896	54	35.2798	39
100000	5848717	79	5005118	53	37.0936	41
100000	5741111	77	4934985	53	36.0341	39
100000	5633095	71	4862662	55	33.5413	38
100000	5633562	75	4861039	54	35.9856	41
100000	5726029	71	4926219	51	34.6046	37
100000	5903556	81	5042053	53	36.5212	41
100000	5887461	73	5032833	51	35.6247	39
100000	5661268	75	4881062	55	34.8066	39
100000	5757637	75	4947241	52	34.0195	39
