n	średniaLiczbaPorównań	maksLiczbaPorównańDlaJednejOperacji	średniaLiczbaOdczytówIPodstawieńWskaźników	maksLiczbaOdczytówIPodstawień	średniaWysokośćDrzewaPoKażdejOperacji	maksWysokośćDrzewa
10000	21.2406	17091	174.657	145252	2528.84	10000
10000	21.1203	15391	174.149	130802	2530.17	10000
10000	20.7362	11301	171.162	96037	2530.85	10000
10000	21.9431	14019	180.959	119140	2528.66	10000
10000	20.2014	6963	166.021	59164	2531.03	10000
10000	21.9902	13185	181.364	112051	2530.18	10000
10000	21.8758	12647	180.207	107478	2530.88	10000
10000	21.2958	11961	175.437	101647	2531.58	10000
10000	21.2279	12071	174.741	102582	2531.89	10000
10000	21.3605	7029	176.36	59725	2528.49	10000
10000	23.02	16583	190.319	140934	2531.2	10000
10000	22.6434	13813	186.81	117389	2532.23	10000
10000	21.9006	18015	181.115	153106	2529.46	10000
10000	20.9877	10445	172.851	88761	2528.86	10000
10000	21.1195	7525	174.134	63941	2530.46	10000
10000	21.4052	12225	176.65	103891	2529.19	10000
10000	21.8318	15921	179.679	135307	2529.04	10000
10000	22.2866	19441	183.932	165227	2532.21	10000
10000	21.0064	10607	173.167	90138	2530.64	10000
10000	21.5589	18459	177.446	156880	2530.52	10000
20000	23.18	12203	191.393	103704	5033.87	20000
20000	24.3336	16731	201.624	142192	5034.88	20000
20000	25.4622	39783	211.185	338134	5034.19	20000
20000	23.3191	14445	192.723	122761	5036.9	20000
20000	24.1977	33231	200.347	282442	5037.04	20000
20000	24.163	38527	200.054	327458	5037.3	20000
20000	25.1913	34237	208.78	290993	5035.89	20000
20000	23.019	19191	190.021	163102	5037.56	20000
20000	24.5993	35177	203.992	298983	5034.71	20000
20000	23.5346	17417	194.919	148023	5032.77	20000
20000	23.7609	21911	196.25	186222	5034.79	20000
20000	23.0678	23855	190.589	202746	5033.02	20000
20000	23.1409	17695	191.417	150386	5036.86	20000
20000	24.8747	29127	205.603	247558	5035.82	20000
20000	23.7055	33137	195.916	281643	5033.77	20000
20000	23.1887	17253	191.536	146629	5033.4	20000
20000	25.319	36945	209.824	314011	5037.08	20000
20000	23.2457	35995	191.898	305936	5034.81	20000
20000	24.4955	35407	202.549	300938	5034.74	20000
20000	23.3628	19347	192.918	164428	5037.19	20000
30000	24.9938	42557	207.236	361713	7537.56	30000
30000	24.5316	23561	203.179	200247	7539.71	30000
30000	24.5316	24469	202.965	207965	7539.91	30000
30000	25.8634	51351	214.34	436462	7538.88	30000
30000	25.6772	30001	212.531	254987	7539.83	30000
30000	24.952	52125	206.711	443041	7538.61	30000
30000	24.5955	41653	203.649	354029	7536.98	30000
30000	24.2733	30897	200.781	262603	7534.56	30000
30000	24.9715	55375	206.917	470666	7537.73	30000
30000	25.3819	59171	210.116	502932	7538.59	30000
30000	25.9048	49879	214.624	423950	7540.33	30000
30000	24.6356	35771	203.937	304032	7535.05	30000
30000	25.9747	54671	215.59	464682	7537.98	30000
30000	24.4887	44353	202.51	376979	7538.1	30000
30000	24.9522	47417	206.47	403023	7539.5	30000
30000	25.2469	40221	209.18	341857	7540.25	30000
30000	25.3095	52653	209.588	447529	7537.01	30000
30000	24.0643	30511	199.107	259322	7538.82	30000
30000	24.3834	26759	201.994	227430	7535.2	30000
30000	25.6683	33019	212.715	280640	7537.23	30000
40000	26.1126	40769	216.584	346515	10039.2	40000
40000	25.2728	41937	209.555	356443	10038.4	40000
40000	26.1381	67853	217.01	576729	10039.5	40000
40000	25.6046	71135	212.443	604626	10038.1	40000
40000	25.4686	45733	210.994	388709	10043.6	40000
40000	26.1632	62341	216.866	529877	10040.8	40000
40000	25.8374	40849	214.064	347195	10043.3	40000
40000	25.2493	44035	209.321	374276	10038.4	40000
40000	25.1483	32865	208.303	279331	10039.7	40000
40000	26.3534	51495	218.473	437686	10041.2	40000
40000	25.4373	31883	210.833	270984	10039.3	40000
40000	25.5306	41877	211.321	355933	10039.7	40000
40000	25.8063	60173	213.955	511449	10039.1	40000
40000	25.7167	58427	212.965	496608	10037.9	40000
40000	25.031	25077	207.329	213133	10038.1	40000
40000	26.1339	51777	216.852	440083	10038.3	40000
40000	26.9386	57499	223.568	488720	10040.3	40000
40000	28.2731	79353	234.663	674479	10042.3	40000
40000	25.9364	40181	215.137	341517	10038.8	40000
40000	25.9717	71285	215.12	605901	10039.5	40000
50000	26.0133	44427	215.739	377608	12540.3	50000
50000	26.225	57561	217.349	489247	12540.3	50000
50000	26.183	70455	217.11	598846	12539.2	50000
50000	26.0498	81503	215.91	692754	12540.5	50000
50000	26.4284	52227	219.513	443908	12542.5	50000
50000	27.8126	82471	231.067	700982	12542.2	50000
50000	26.5139	83981	220.056	713817	12542.3	50000
50000	25.5341	44131	211.499	375092	12540.3	50000
50000	27.8781	76417	231.261	649523	12544.2	50000
50000	26.2599	73939	217.466	628460	12542.3	50000
50000	27.1953	99635	225.791	846876	12543	50000
50000	26.1996	55027	217.218	467708	12541.3	50000
50000	25.4947	50365	211.285	428081	12539.7	50000
50000	25.8922	36709	214.772	312005	12540.5	50000
50000	25.9944	34917	215.505	296773	12542	50000
50000	26.1004	60845	216.334	517161	12540.9	50000
50000	26.9677	36179	223.85	307500	12538.6	50000
50000	25.9979	56585	215.299	480951	12538.9	50000
50000	26.1541	49323	216.942	419224	12542.7	50000
50000	27.8702	88001	231.31	747987	12542.1	50000
60000	26.6832	56525	221.261	480441	15041.3	60000
60000	27.2501	112627	226.12	957308	15040.8	60000
60000	26.2736	54685	217.989	464801	15046.4	60000
60000	26.5714	61459	220.44	522380	15042.2	60000
60000	27.248	85275	226.149	724816	15044	60000
60000	26.784	87601	222.261	744587	15041.4	60000
60000	26.8261	97073	222.634	825099	15042.4	60000
60000	26.4795	85153	219.766	723779	15039.9	60000
60000	27.229	75619	225.771	642740	15041.2	60000
60000	26.4345	67097	219.245	570303	15041.6	60000
60000	27.7448	108971	230.32	926232	15042.8	60000
60000	26.887	55933	223.181	475409	15041.2	60000
60000	25.9505	44127	215.104	375058	15044.1	60000
60000	26.7927	80023	222.202	680174	15041.3	60000
60000	27.7663	77565	230.399	659281	15042.5	60000
60000	26.0516	57989	215.994	492885	15044	60000
60000	27.0226	104671	224.187	889682	15042.2	60000
60000	27.6561	103741	229.635	881777	15042.6	60000
60000	29.6552	115803	246.707	984304	15043.2	60000
60000	26.7681	98069	221.937	833565	15040.7	60000
70000	28.7197	104587	238.81	888968	17544.1	70000
70000	28.036	122987	232.734	1045368	17544	70000
70000	27.3629	87191	227.11	741102	17542.9	70000
70000	27.605	134713	229.326	1145039	17546.2	70000
70000	28.099	119731	233.398	1017692	17543.8	70000
70000	27.203	67587	225.703	574468	17543.4	70000
70000	27.4812	92203	227.963	783704	17546.1	70000
70000	27.2892	76319	226.433	648690	17542.3	70000
70000	26.9877	83969	223.895	713715	17543.6	70000
70000	27.1826	55981	225.556	475817	17543.2	70000
70000	27.1037	83229	224.877	707425	17543.5	70000
70000	27.7807	60483	230.542	514084	17544.1	70000
70000	27.1658	74639	225.22	634410	17543.5	70000
70000	26.7993	51805	222.115	440321	17544.9	70000
70000	28.7173	125569	238.636	1067315	17544	70000
70000	27.0107	69059	224.023	586980	17543.8	70000
70000	27.2138	124161	225.916	1055347	17544	70000
70000	27.0489	95795	224.635	814236	17545.7	70000
70000	28.2884	108257	234.952	920163	17543	70000
70000	27.6936	116295	230.134	988486	17541.3	70000
80000	27.4959	91195	228.343	775136	20043.4	80000
80000	28.2226	147681	234.545	1255267	20045	80000
80000	27.1547	57261	225.603	486697	20045.1	80000
80000	27.1434	77165	225.44	655881	20043.7	80000
80000	28.3955	144499	236.068	1228220	20047	80000
80000	28.9063	157607	240.349	1339638	20047	80000
80000	27.3041	95939	226.636	815460	20049.1	80000
80000	29.3592	149173	244.022	1267949	20045	80000
80000	27.6169	67433	229.523	573159	20045.8	80000
80000	28.4932	126617	236.751	1076223	20045.1	80000
80000	27.4005	120821	227.415	1026957	20043.1	80000
80000	27.2356	99121	226.017	842507	20043.1	80000
80000	27.2463	85785	226.16	729151	20043.9	80000
80000	28.3628	140689	235.809	1195835	20044.8	80000
80000	27.3269	77899	226.913	662120	20042.9	80000
80000	27.4099	124855	227.743	1061246	20046	80000
80000	28.3519	147817	235.421	1256423	20046.2	80000
80000	27.9337	84689	232.162	719835	20045.9	80000
80000	27.6885	76171	229.864	647432	20042.8	80000
80000	27.8308	136073	231.132	1156599	20043.2	80000
90000	28.495	146625	236.68	1246291	22543.2	90000
90000	27.6875	82371	230.031	700132	22543.6	90000
90000	29.315	129083	243.627	1097184	22546.2	90000
90000	28.0336	68043	232.885	578344	22544.1	90000
90000	27.8459	78467	231.255	666948	22543.8	90000
90000	28.5633	147141	237.407	1250677	22548.1	90000
90000	27.9702	104811	232.117	890872	22543.1	90000
90000	27.4475	123083	227.929	1046184	22546.5	90000
90000	28.6252	165837	237.836	1409593	22549.1	90000
90000	26.975	54671	223.827	464682	22544.4	90000
90000	28.4642	104835	236.581	891076	22547.7	90000
90000	27.8808	145757	231.311	1238913	22544.9	90000
90000	28.6975	107697	238.429	915403	22548.5	90000
90000	27.5137	77539	228.374	659060	22546.4	90000
90000	27.5062	97967	228.465	832698	22543.3	90000
90000	27.7145	127075	230.144	1080116	22543.9	90000
90000	28.6989	141951	238.414	1206562	22546.1	90000
90000	27.9915	113101	232.509	961337	22547.7	90000
90000	28.1039	127113	233.688	1080439	22545.5	90000
90000	28.5362	139721	237.103	1187607	22550	90000
100000	28.0176	156811	232.616	1332872	25046.1	100000
100000	27.7242	99859	230.175	848780	25046.3	100000
100000	29.4676	182897	244.935	1554603	25046.1	100000
100000	27.3842	79743	227.239	677794	25048.3	100000
100000	27.3214	92459	226.714	785880	25048.9	100000
100000	28.8708	172773	239.821	1468549	25048.1	100000
100000	28.9753	111827	240.9	950508	25044.9	100000
100000	28.5342	108927	237.128	925858	25044.3	100000
100000	28.7839	181147	239.313	1539728	25048.3	100000
100000	29.0145	196279	241.471	1668350	25049.3	100000
100000	29.2494	171823	243.161	1460474	25044.5	100000
100000	28.6284	119675	237.936	1017216	25045.9	100000
100000	28.2537	128037	234.625	1088293	25046.6	100000
100000	29.4945	177481	245.293	1508567	25046.4	100000
100000	29.1473	191703	242.411	1629454	25048.7	100000
100000	28.4387	123259	236.275	1047680	25046.9	100000
100000	27.1915	74505	225.598	633271	25049.3	100000
100000	30.2763	190445	251.976	1618761	25049.1	100000
100000	27.9238	88795	231.894	754736	25045.6	100000
100000	30.2713	195695	251.861	1663386	25049	100000
