237
0 15 5 13
5 13 5 18
5 18 2 21
2 21 2 28
2 28 0 33
0 33 5 33
5 33 5 36
5 36 5 40
5 40 2 44
2 44 0 51
0 51 0 60
0 60 5 64
5 64 12 61
12 61 15 64
15 64 25 61
25 61 10 42
10 42 11 42
11 42 11 31
11 31 11 34
11 34 5 8
5 8 9 10
9 10 10 10
10 10 11 10
11 10 12 10
12 10 15 13
15 13 18 13
18 13 18 11
18 11 25 10
25 10 25 12
25 12 25 14
25 14 25 16
25 16 25 18
25 18 25 20
25 20 25 23
25 23 28 23
28 23 28 27
28 27 25 32
25 32 25 34
25 34 28 37
28 37 28 40
28 40 28 42
28 42 25 45
25 45 34 39
34 39 34 36
34 36 38 37
38 37 38 40
38 40 38 42
38 42 40 45
40 45 34 51
34 51 41 61
41 61 48 61
48 61 48 45
48 45 51 42
51 42 51 40
51 40 51 37
51 37 48 34
48 34 48 32
48 32 51 26
51 26 51 22
51 22 51 18
51 18 51 14
51 14 51 11
51 11 48 10
48 10 51 7
51 7 55 26
55 26 56 24
56 24 55 22
55 22 56 20
56 20 55 19
55 19 58 15
58 15 57 12
57 12 56 10
56 10 57 10
57 10 57 5
57 5 55 0
55 0 54 0
54 0 61 11
61 11 61 18
61 18 61 21
61 21 61 25
61 25 57 28
57 28 57 39
57 39 57 36
57 36 61 37
61 37 61 40
61 40 61 42
61 42 63 45
63 45 57 51
57 51 74 43
74 43 74 37
74 37 74 31
74 31 74 25
74 25 74 19
74 19 74 13
74 13 71 6
71 6 72 0
72 0 73 0
73 0 78 10
78 10 79 10
79 10 80 10
80 10 81 10
81 10 84 13
84 13 87 13
87 13 87 11
87 11 86 6
86 6 87 15
87 15 87 17
87 17 87 19
87 19 84 19
84 19 87 21
87 21 87 23
87 23 87 25
87 25 84 25
84 25 87 27
87 27 87 29
87 29 87 31
87 31 84 31
84 31 87 33
87 33 87 35
87 35 87 37
87 37 84 37
84 37 87 39
87 39 87 41
87 41 87 42
87 42 87 44
87 44 84 43
84 43 87 45
87 45 94 52
94 52 97 57
97 57 97 60
97 60 97 64
97 64 103 55
103 55 103 58
103 58 110 52
110 52 117 50
117 50 117 52
117 52 120 55
120 55 120 58
120 58 120 60
120 60 117 63
117 63 126 54
126 54 126 57
126 57 130 55
130 55 130 58
130 58 130 60
130 60 132 63
132 63 120 44
120 44 120 40
120 40 124 44
124 44 125 42
125 42 124 40
124 40 125 38
125 38 124 37
124 37 120 34
120 34 120 29
120 29 120 25
120 25 120 19
120 19 120 15
120 15 120 11
120 11 120 7
120 7 126 5
126 5 123 26
123 26 130 39
130 39 130 34
130 34 130 29
130 29 130 25
130 25 130 19
130 19 127 16
127 16 127 12
127 12 130 15
130 15 130 43
130 43 126 46
126 46 94 35
94 35 94 34
94 34 97 30
97 30 97 28
97 28 97 25
97 25 94 22
94 22 94 20
94 20 97 15
97 15 97 11
97 11 94 10
94 10 94 6
94 6 102 10
102 10 103 10
103 10 104 12
104 12 103 16
103 16 107 11
107 11 109 6
109 6 107 15
107 15 103 27
103 27 103 24
103 24 107 25
107 25 107 28
107 28 107 30
107 30 109 34
109 34 109 35
109 35 109 36
109 36 103 42
103 42 94 36
94 36 74 49
74 49 71 54
71 54 71 56
71 56 64 61
64 61 74 59
74 59 74 62
74 62 74 64
74 64 80 58
80 58 80 61
80 61 84 59
84 59 84 62
84 62 84 64
84 64 80 47
80 47 80 50
80 50 34 28
34 28 35 24
35 24 38 27
38 27 28 19
28 19 28 15
28 15 28 12
28 12 32 10
32 10 32 13
32 13 33 13
33 13 34 13
34 13 33 10
33 10 34 10
34 10 34 5
34 5 28 7
28 7 18 14
18 14 18 15
18 15 15 18
15 18 11 17
11 17 17 21
17 21 18 28
18 28 15 8
15 8 12 5
12 5 0 15
