379
2 11 2 14
2 14 2 16
2 16 2 17
2 17 2 18
2 18 2 20
2 20 2 22
2 22 2 23
2 23 2 24
2 24 5 29
5 29 5 33
5 33 9 29
9 29 10 27
10 27 9 26
9 26 9 22
9 22 11 21
11 21 9 16
9 16 11 15
11 15 11 5
11 5 15 18
15 18 15 24
15 24 15 28
15 28 15 32
15 32 25 22
25 22 25 20
25 20 28 18
28 18 25 14
25 14 25 13
25 13 25 12
25 12 25 10
25 10 28 8
28 8 32 12
32 12 34 11
34 11 38 8
38 8 35 5
35 5 34 16
34 16 34 21
34 21 32 22
32 22 38 24
38 24 41 31
41 31 51 30
51 30 51 27
51 27 51 25
51 25 48 20
48 20 48 19
48 19 48 18
48 18 48 16
48 16 48 14
48 14 48 13
48 13 48 12
48 12 48 10
48 10 48 6
48 6 51 32
51 32 57 29
57 29 57 26
57 26 58 22
58 22 55 18
55 18 57 17
57 17 55 12
55 12 57 11
57 11 63 6
63 6 71 10
71 10 71 12
71 12 71 13
71 13 71 14
71 14 71 16
71 16 71 18
71 18 71 19
71 19 71 20
71 20 71 23
71 23 71 30
71 30 74 7
74 7 78 12
78 12 80 11
80 11 84 14
84 14 80 17
80 17 78 18
78 18 84 20
84 20 86 23
86 23 87 30
87 30 89 39
89 39 94 28
94 28 94 26
94 26 94 20
94 20 94 18
94 18 94 16
94 16 94 14
94 14 94 13
94 13 94 12
94 12 94 10
94 10 97 8
97 8 97 6
97 6 97 19
97 19 97 17
97 17 97 21
97 21 102 18
102 18 102 16
102 16 101 12
101 12 103 11
103 11 107 8
107 8 107 6
107 6 103 5
103 5 117 10
117 10 117 12
117 12 117 13
117 13 117 14
117 14 123 16
123 16 120 20
120 20 123 22
123 22 124 22
124 22 125 22
125 22 126 23
126 23 126 25
126 25 120 27
120 27 120 30
120 30 120 34
120 34 126 28
126 28 124 16
124 16 124 12
124 12 126 11
126 11 130 8
130 8 127 5
127 5 125 16
125 16 126 16
126 16 127 16
127 16 130 14
130 14 133 17
133 17 133 18
133 18 133 20
133 20 133 21
133 21 133 22
133 22 140 18
140 18 140 17
140 17 140 16
140 16 140 14
140 14 140 10
140 10 140 20
140 20 140 22
140 22 140 24
140 24 143 24
143 24 147 22
147 22 148 20
148 20 147 16
147 16 149 15
149 15 149 20
149 20 153 18
153 18 153 21
153 21 156 10
156 10 153 0
153 0 152 0
152 0 151 0
151 0 150 0
150 0 149 0
149 0 148 0
148 0 147 0
147 0 146 0
146 0 145 0
145 0 154 0
154 0 163 10
163 10 163 12
163 12 163 13
163 13 163 14
163 14 166 17
166 17 163 20
163 20 163 22
163 22 166 21
166 21 166 23
166 23 166 26
166 26 163 31
163 31 163 33
163 33 171 20
171 20 171 22
171 22 172 22
172 22 172 24
172 24 172 27
172 27 176 21
176 21 176 17
176 17 176 14
176 14 176 23
176 23 172 16
172 16 170 12
170 12 172 11
172 11 178 6
178 6 186 6
186 6 186 10
186 10 186 12
186 12 186 13
186 13 186 14
186 14 186 17
186 17 189 20
189 20 186 22
186 22 186 23
186 23 186 24
186 24 186 25
186 25 189 28
189 28 189 31
189 31 189 33
189 33 192 16
192 16 193 16
193 16 194 16
194 16 195 16
195 16 193 12
193 12 195 11
195 11 196 16
196 16 199 14
199 14 201 6
201 6 202 18
202 18 202 19
202 19 201 22
201 22 201 23
201 23 201 24
201 24 199 28
199 28 195 27
195 27 195 30
195 30 199 31
199 31 199 33
199 33 201 25
201 25 209 18
209 18 209 16
209 16 209 14
209 14 209 12
209 12 209 10
209 10 209 20
209 20 209 22
209 22 212 17
212 17 212 15
212 15 212 13
212 13 212 11
212 11 212 8
212 8 212 19
212 19 212 22
212 22 212 25
212 25 212 28
212 28 212 32
212 32 216 20
216 20 217 18
217 18 217 16
217 16 217 14
217 14 217 12
217 12 217 10
217 10 218 10
218 10 218 12
218 12 222 11
222 11 222 13
222 13 222 15
222 15 222 17
222 17 222 19
222 19 222 8
222 8 219 5
219 5 232 9
232 9 232 12
232 12 232 13
232 13 232 14
232 14 232 15
232 15 232 17
232 17 235 18
235 18 235 23
235 23 238 25
238 25 239 25
239 25 240 25
240 25 241 26
241 26 241 28
241 28 235 30
235 30 235 34
235 34 242 31
242 31 245 34
245 34 238 19
238 19 239 19
239 19 240 17
240 17 241 17
241 17 240 19
240 19 241 19
241 19 242 19
242 19 245 18
245 18 247 14
247 14 247 13
247 13 247 12
247 12 247 9
247 9 245 6
245 6 241 5
241 5 247 15
247 15 248 20
248 20 248 21
248 21 248 23
248 23 248 24
248 24 248 25
248 25 255 22
255 22 255 20
255 20 258 17
258 17 255 14
255 14 255 13
255 13 255 12
255 12 255 10
255 10 255 6
255 6 262 12
262 12 264 11
264 11 264 16
264 16 264 21
264 21 262 22
262 22 264 26
264 26 268 24
268 24 268 14
268 14 268 17
268 17 270 6
270 6 278 14
278 14 278 16
278 16 278 17
278 17 278 18
278 18 281 22
281 22 281 26
281 26 281 29
281 29 278 28
278 28 278 31
278 31 281 12
281 12 281 8
281 8 285 12
285 12 285 16
285 16 287 15
287 15 287 20
287 20 288 23
288 23 291 26
291 26 287 28
287 28 286 28
286 28 291 29
291 29 293 31
293 31 299 31
299 31 291 18
291 18 299 20
299 20 286 10
286 10 285 8
285 8 286 6
286 6 285 5
285 5 291 7
291 7 291 11
291 11 255 23
255 23 255 24
255 24 255 30
255 30 255 32
255 32 235 6
235 6 218 14
218 14 218 16
218 16 218 18
218 18 217 20
217 20 218 20
218 20 218 23
218 23 218 26
218 26 172 20
172 20 163 6
163 6 148 22
148 22 149 22
149 22 149 29
149 29 143 21
143 21 120 8
120 8 103 16
103 16 102 20
102 20 103 20
103 20 103 22
103 22 107 21
107 21 107 19
107 19 107 17
107 17 107 14
107 14 103 18
103 18 97 31
97 31 103 30
103 30 107 31
107 31 80 5
80 5 61 14
61 14 61 20
61 20 61 27
61 27 61 25
61 25 61 30
61 30 61 32
61 32 38 14
38 14 25 23
25 23 25 24
25 24 25 31
25 31 10 31
10 31 9 33
9 33 2 9
2 9 2 11
