380
0 108 2 104
2 104 2 103
2 103 0 97
0 97 2 93
2 93 2 90
2 90 2 89
2 89 2 87
2 87 2 85
2 85 5 82
5 82 5 78
5 78 5 75
5 75 0 71
0 71 2 70
2 70 3 63
3 63 2 62
2 62 0 60
0 60 2 52
2 52 2 49
2 49 0 49
0 49 3 47
3 47 2 46
2 46 11 76
11 76 11 73
11 73 18 70
18 70 15 64
15 64 25 74
25 74 25 75
25 75 25 78
25 78 25 79
25 79 26 81
26 81 25 83
25 83 25 84
25 84 25 87
25 87 17 87
17 87 17 85
17 85 17 90
17 90 11 92
11 92 10 92
10 92 25 88
25 88 25 89
25 89 25 94
25 94 25 96
25 96 25 99
25 99 25 100
25 100 26 102
26 102 25 104
25 104 25 105
25 105 25 108
25 108 25 109
25 109 25 110
25 110 25 115
25 115 28 70
28 70 28 68
28 68 28 65
28 65 25 62
25 62 25 60
25 60 25 54
25 54 18 55
18 55 17 49
17 49 15 47
15 47 26 53
26 53 25 52
25 52 34 67
34 67 34 64
34 64 34 56
34 56 34 52
34 52 38 53
38 53 40 54
40 54 48 54
48 54 48 49
48 49 48 48
48 48 48 47
48 47 48 44
48 44 41 43
41 43 40 37
40 37 38 36
38 36 48 43
48 43 49 41
49 41 48 39
48 39 48 38
48 38 48 35
48 35 48 33
48 33 48 28
48 28 48 27
48 27 40 25
40 25 38 24
38 24 48 26
48 26 48 23
48 23 48 22
48 22 49 20
49 20 48 18
48 18 48 17
48 17 48 10
48 10 40 14
40 14 38 11
38 11 32 10
32 10 25 11
25 11 25 12
25 12 25 14
25 14 25 17
25 17 25 21
25 21 17 20
17 20 15 11
15 11 9 10
9 10 5 8
5 8 2 11
2 11 2 12
2 12 2 18
2 18 3 19
3 19 2 20
2 20 0 20
0 20 0 21
0 21 0 22
0 22 0 23
0 23 0 24
0 24 0 28
0 28 2 29
2 29 3 30
3 30 2 32
2 32 0 33
0 33 2 35
2 35 2 22
2 22 15 8
15 8 12 5
12 5 25 25
25 25 25 28
25 28 25 35
25 35 25 37
25 37 18 38
18 38 17 32
17 32 15 30
15 30 25 40
25 40 25 6
25 6 40 6
40 6 51 7
51 7 56 9
56 9 57 5
57 5 54 0
54 0 57 9
57 9 62 10
62 10 63 17
63 17 64 21
64 21 63 23
63 23 63 26
63 26 64 27
64 27 63 33
63 33 63 35
63 35 63 38
63 38 64 42
64 42 63 44
63 44 63 47
63 47 64 48
64 48 63 54
63 54 63 56
63 56 57 58
57 58 71 40
71 40 71 39
71 39 71 37
71 37 71 35
71 35 71 29
71 29 71 28
71 28 71 25
71 25 80 31
80 31 86 29
86 29 87 25
87 25 99 17
99 17 74 45
74 45 74 50
74 50 78 53
78 53 79 54
79 54 78 56
78 56 74 56
74 56 79 58
79 58 78 60
78 60 74 60
74 60 71 64
71 64 71 65
71 65 72 67
72 67 71 69
71 69 71 70
71 70 71 73
71 73 71 74
71 74 71 75
71 75 71 80
71 80 64 78
64 78 63 79
63 79 71 82
71 82 71 85
71 85 71 86
71 86 72 88
72 88 71 90
71 90 71 91
71 91 71 94
71 94 71 95
71 95 71 96
71 96 64 95
64 95 64 89
64 89 71 101
71 101 71 103
71 103 63 105
63 105 63 107
63 107 64 108
64 108 74 107
74 107 74 111
74 111 74 115
74 115 74 119
74 119 74 125
74 125 71 126
71 126 71 127
71 127 74 131
74 131 74 133
74 133 74 136
74 136 74 138
74 138 71 141
71 141 64 142
64 142 63 141
63 141 63 138
63 138 64 136
64 136 63 132
63 132 57 124
57 124 55 124
55 124 63 148
63 148 63 150
63 150 57 152
57 152 56 152
56 152 48 150
48 150 48 148
48 148 48 143
48 143 48 142
48 142 48 141
48 141 48 138
48 138 48 137
48 137 49 135
49 135 48 133
48 133 48 132
48 132 48 153
48 153 71 157
71 157 74 162
74 162 70 167
70 167 80 160
80 160 87 157
87 157 80 132
80 132 80 129
80 129 80 135
80 135 84 133
84 133 84 136
84 136 84 138
84 138 86 141
86 141 80 147
80 147 86 127
86 127 84 125
84 125 84 119
84 119 81 116
81 116 81 112
81 112 84 115
84 115 80 105
80 105 84 55
84 55 84 50
84 50 84 45
84 45 86 40
86 40 99 34
99 34 99 51
99 51 84 59
84 59 86 64
86 64 87 68
87 68 86 70
86 70 86 73
86 73 87 74
87 74 86 80
86 80 86 82
86 82 86 85
86 85 87 89
87 89 86 91
86 91 86 94
86 94 87 95
87 95 86 101
86 101 86 103
86 103 99 102
99 102 99 104
99 104 99 85
99 85 99 68
99 68 77 42
77 42 71 9
71 9 74 6
74 6 80 5
80 5 84 6
84 6 86 9
86 9 80 15
80 15 48 56
48 56 38 65
38 65 38 68
38 68 38 70
38 70 40 75
40 75 40 78
40 78 41 82
41 82 40 84
40 84 40 87
40 87 41 88
41 88 40 94
40 94 40 96
40 96 40 99
40 99 41 103
41 103 40 105
40 105 40 108
40 108 41 109
41 109 40 115
40 115 34 117
34 117 34 121
34 121 28 123
28 123 28 127
28 127 28 131
28 131 28 135
28 135 28 141
28 141 28 145
28 145 28 150
28 150 32 153
32 153 33 154
33 154 32 156
32 156 28 156
28 156 33 158
33 158 32 160
32 160 28 160
28 160 38 159
38 159 38 155
38 155 38 150
38 150 38 145
38 145 38 141
38 141 38 135
38 135 35 132
35 132 35 128
35 128 38 131
38 131 42 167
42 167 54 167
54 167 31 142
31 142 48 107
48 107 48 106
48 106 48 105
48 105 48 108
48 108 48 90
48 90 48 91
48 91 48 93
48 93 49 94
49 94 48 80
48 80 48 79
48 79 5 108
5 108 5 112
5 112 5 116
5 116 5 121
5 121 9 124
9 124 10 125
10 125 9 127
9 127 5 127
5 127 5 131
5 131 2 137
2 137 2 139
2 139 5 142
5 142 5 145
5 145 5 147
5 147 2 150
2 150 11 141
11 141 11 144
11 144 15 142
15 142 15 145
15 145 15 147
15 147 17 150
17 150 11 156
11 156 14 167
14 167 10 129
10 129 9 131
9 131 11 133
11 133 15 126
15 126 15 121
15 121 15 116
15 116 15 112
15 112 12 109
12 109 11 106
11 106 17 104
17 104 15 130
15 130 8 113
8 113 0 108
