423
0 12 2 11
2 11 2 9
2 9 2 15
2 15 5 15
5 15 5 20
5 20 9 17
9 17 10 17
10 17 11 17
11 17 12 17
12 17 11 14
11 14 10 14
10 14 11 5
11 5 15 15
15 15 15 20
15 20 18 19
18 19 18 18
18 18 18 21
18 21 18 22
18 22 15 25
15 25 12 26
12 26 11 24
11 24 10 24
10 24 11 26
11 26 10 26
10 26 9 26
9 26 5 25
5 25 2 24
2 24 0 25
0 25 0 26
0 26 0 27
0 27 0 28
0 28 5 29
5 29 2 34
2 34 2 36
2 36 2 38
2 38 2 40
2 40 2 42
2 42 0 43
0 43 0 44
0 44 0 45
0 45 2 47
2 47 2 49
2 49 2 51
2 51 0 51
0 51 2 53
2 53 2 55
2 55 2 57
2 57 0 57
0 57 2 60
2 60 2 62
2 62 0 63
0 63 2 63
2 63 2 65
2 65 2 67
2 67 0 69
0 69 2 70
2 70 2 72
2 72 2 73
2 73 2 75
2 75 0 76
0 76 5 75
5 75 5 78
5 78 5 82
5 82 0 82
0 82 5 86
5 86 5 90
5 90 9 83
9 83 10 84
10 84 9 86
9 86 10 88
10 88 9 90
9 90 9 73
9 73 9 70
9 70 10 70
10 70 11 67
11 67 11 70
11 70 10 73
10 73 11 73
11 73 11 76
11 76 12 79
12 79 15 82
15 82 15 85
15 85 15 89
15 89 5 72
5 72 5 60
5 60 10 59
10 59 11 58
11 58 15 58
15 58 15 60
15 60 17 63
17 63 17 64
17 64 17 65
17 65 18 67
18 67 11 59
11 59 8 45
8 45 12 45
12 45 15 45
15 45 17 47
17 47 17 49
17 49 11 51
11 51 2 44
2 44 5 35
5 35 9 33
9 33 10 33
10 33 11 33
11 33 9 38
9 38 15 29
15 29 18 28
18 28 18 27
18 27 18 30
18 30 18 31
18 31 25 22
25 22 25 20
25 20 25 17
25 17 25 13
25 13 25 6
25 6 25 24
25 24 25 26
25 26 25 28
25 28 25 30
25 30 25 32
25 32 25 33
25 33 25 35
25 35 25 37
25 37 25 40
25 40 25 41
25 41 25 43
25 43 25 45
25 45 25 47
25 47 31 31
31 31 35 31
35 31 38 31
38 31 40 33
40 33 40 34
40 34 40 35
40 35 34 37
34 37 41 37
41 37 40 41
40 41 40 42
40 42 40 43
40 43 34 45
34 45 34 49
34 49 48 36
48 36 48 32
48 32 48 30
48 30 48 28
48 28 48 27
48 27 51 23
51 23 55 20
55 20 56 20
56 20 57 15
57 15 55 11
55 11 51 9
51 9 48 12
48 12 48 13
48 13 48 14
48 14 51 7
51 7 57 8
57 8 57 5
57 5 60 0
60 0 61 0
61 0 62 0
62 0 61 9
61 9 57 20
57 20 58 20
58 20 61 23
61 23 64 22
64 22 64 21
64 21 71 17
71 17 71 13
71 13 71 6
71 6 74 18
74 18 79 17
79 17 80 17
80 17 84 18
84 18 87 13
87 13 86 6
86 6 94 11
94 11 94 9
94 9 97 14
97 14 94 18
94 18 94 19
94 19 94 21
94 21 94 23
94 23 103 13
103 13 103 5
103 5 108 0
108 0 107 14
107 14 109 19
109 19 109 20
109 20 109 21
109 21 103 23
103 23 104 26
104 26 103 30
103 30 97 29
97 29 107 29
107 29 110 23
110 23 80 19
80 19 64 24
64 24 64 25
64 25 63 28
63 28 63 29
63 29 63 30
63 30 64 32
64 32 71 30
71 30 71 31
71 31 72 32
72 32 80 34
80 34 87 32
87 32 87 29
87 29 51 36
51 36 51 38
51 38 51 40
51 40 48 40
48 40 51 42
51 42 48 44
48 44 48 45
48 45 48 46
48 46 48 47
48 47 48 51
48 51 48 53
48 53 48 55
48 55 48 57
48 57 48 59
48 59 48 60
48 60 48 62
48 62 48 64
48 64 48 66
48 66 48 69
48 69 48 71
48 71 41 69
41 69 40 70
40 70 48 74
48 74 48 76
48 76 48 78
48 78 48 80
48 80 48 82
48 82 48 84
48 84 41 85
41 85 38 89
38 89 34 88
34 88 28 89
28 89 25 85
25 85 25 84
25 84 25 78
25 78 25 77
25 77 25 71
25 71 25 70
25 70 28 91
28 91 25 97
25 97 38 91
38 91 40 84
40 84 40 78
40 78 41 77
41 77 51 83
51 83 51 88
51 88 51 92
51 92 57 86
57 86 58 89
58 89 61 92
61 92 60 97
60 97 61 97
61 97 62 97
62 97 51 79
51 79 51 75
51 75 55 73
55 73 56 73
56 73 57 73
57 73 61 71
61 71 61 69
61 69 57 68
57 68 56 68
56 68 57 64
57 64 57 58
57 58 57 51
57 51 61 58
61 58 63 60
63 60 63 61
63 61 63 62
63 62 51 69
51 69 51 71
51 71 56 39
56 39 56 35
56 35 57 32
57 32 57 35
57 35 57 39
57 39 61 38
61 38 61 36
61 36 61 40
61 40 61 42
61 42 63 44
63 44 63 45
63 45 63 46
63 46 63 47
63 47 71 45
71 45 71 46
71 46 72 47
72 47 74 52
74 52 77 56
77 56 74 60
74 60 77 62
77 62 78 62
78 62 79 62
79 62 80 63
80 63 78 70
78 70 74 68
74 68 77 70
77 70 79 70
79 70 80 71
80 71 79 73
79 73 78 73
78 73 74 75
74 75 71 74
71 74 71 76
71 76 71 78
71 78 71 80
71 80 71 82
71 82 71 84
71 84 71 87
71 87 74 87
74 87 74 89
74 89 74 91
74 91 80 88
80 88 84 89
84 89 84 91
84 91 74 83
74 83 74 79
74 79 80 73
80 73 78 56
78 56 79 56
79 56 80 56
80 56 81 56
81 56 78 49
78 49 79 49
79 49 80 49
80 49 81 49
81 49 84 52
84 52 87 51
87 51 87 50
87 50 87 47
87 47 87 44
87 44 87 53
87 53 87 54
87 54 87 57
87 57 87 58
87 58 87 60
87 60 87 61
87 61 87 62
87 62 87 65
87 65 87 66
87 66 87 68
87 68 87 69
87 69 87 70
87 70 94 68
94 68 94 66
94 66 97 67
97 67 101 65
101 65 102 65
102 65 103 65
103 65 103 60
103 60 101 56
101 56 97 55
97 55 94 54
94 54 94 52
94 52 94 51
94 51 94 48
94 48 94 47
94 47 94 45
94 45 95 43
95 43 94 42
94 42 94 41
94 41 97 48
97 48 94 57
94 57 94 58
94 58 94 59
94 59 97 52
97 52 102 54
102 54 101 52
101 52 102 50
102 50 101 48
101 48 102 46
102 46 101 45
101 45 100 45
100 45 103 45
103 45 107 47
107 47 107 51
107 51 110 43
110 43 110 40
110 40 103 54
103 54 107 55
107 55 101 70
101 70 97 73
97 73 97 78
97 78 94 81
94 81 97 85
97 85 97 88
97 88 97 92
97 92 108 97
108 97 103 83
103 83 103 86
103 86 102 70
102 70 103 70
103 70 104 70
104 70 107 73
107 73 110 72
110 72 110 71
110 71 110 74
110 74 110 75
110 75 107 78
107 78 103 77
103 77 109 81
109 81 28 21
28 21 28 18
28 18 32 19
32 19 33 17
33 17 34 17
34 17 38 18
38 18 41 13
41 13 40 6
40 6 33 19
33 19 34 19
34 19 32 24
32 24 0 12
