436
0 15 2 15
2 15 2 13
2 13 2 12
2 12 0 8
0 8 5 11
5 11 5 7
5 7 2 17
2 17 2 20
2 20 0 22
0 22 2 23
2 23 2 25
2 25 0 29
0 29 0 32
0 32 2 35
2 35 2 38
2 38 0 39
0 39 2 40
2 40 2 42
2 42 0 43
0 43 0 44
0 44 0 45
0 45 0 46
0 46 2 47
2 47 2 49
2 49 0 53
0 53 5 48
5 48 8 45
8 45 9 46
9 46 10 46
10 46 11 46
11 46 9 51
9 51 10 51
10 51 11 51
11 51 12 51
12 51 15 54
15 54 18 53
18 53 18 52
18 52 18 55
18 55 18 56
18 56 15 59
15 59 11 58
11 58 9 63
9 63 10 58
10 58 5 59
5 59 2 58
2 58 0 60
0 60 2 61
2 61 2 63
2 63 2 65
2 65 2 67
2 67 0 67
0 67 2 69
2 69 2 71
2 71 0 73
0 73 0 74
0 74 2 74
2 74 2 75
2 75 2 76
2 76 0 79
0 79 0 81
0 81 2 82
2 82 2 83
2 83 2 85
2 85 2 87
2 87 0 87
0 87 5 91
5 91 5 93
5 93 11 90
11 90 11 87
11 87 15 91
15 91 15 93
15 93 18 87
18 87 17 85
17 85 17 84
17 84 17 83
17 83 5 72
5 72 8 70
8 70 10 71
10 71 9 73
9 73 11 77
11 77 11 71
11 71 12 70
12 70 15 70
15 70 15 72
15 72 5 54
5 54 17 61
17 61 25 54
25 54 25 52
25 52 25 50
25 50 25 48
25 48 25 47
25 47 25 45
25 45 25 43
25 43 25 39
25 39 25 37
25 37 25 35
25 35 25 34
25 34 25 32
25 32 25 29
25 29 25 27
25 27 25 24
25 24 25 22
25 22 28 23
28 23 32 21
32 21 28 18
28 18 25 15
25 15 25 13
25 13 28 8
28 8 34 9
34 9 35 5
35 5 38 8
38 8 33 21
33 21 34 17
34 17 38 18
38 18 34 21
34 21 28 28
28 28 32 26
32 26 33 26
33 26 34 26
34 26 33 31
33 31 34 31
34 31 38 32
38 32 40 35
40 35 40 36
40 36 40 37
40 37 34 39
34 39 41 39
41 39 40 43
40 43 40 45
40 45 40 48
40 48 40 49
40 49 40 50
40 50 48 34
48 34 48 33
48 33 48 30
48 30 48 29
48 29 48 27
48 27 48 25
48 25 48 24
48 24 48 23
48 23 48 22
48 22 48 18
48 18 51 30
51 30 54 27
54 27 55 27
55 27 56 28
56 28 55 30
55 30 56 32
56 32 55 34
55 34 57 36
57 36 57 27
57 27 61 29
61 29 61 33
61 33 63 25
63 25 63 24
63 24 63 23
63 23 63 22
63 22 64 18
64 18 63 11
63 11 61 8
61 8 61 6
61 6 57 5
57 5 51 6
51 6 51 8
51 8 48 11
48 11 60 0
60 0 61 0
61 0 62 0
62 0 71 9
71 9 74 6
74 6 80 5
80 5 84 6
84 6 86 9
86 9 80 15
80 15 94 16
94 16 94 17
94 17 95 18
95 18 103 20
103 20 110 18
110 18 110 15
110 15 103 5
103 5 108 0
108 0 51 34
51 34 28 32
28 32 25 57
25 57 25 60
25 60 25 62
25 62 25 64
25 64 25 66
25 66 25 68
25 68 25 70
25 70 25 72
25 72 25 74
25 74 28 79
28 79 28 84
28 84 25 84
25 84 28 88
28 88 28 91
28 91 28 95
28 95 32 76
32 76 33 76
33 76 34 75
34 75 34 68
34 68 34 67
34 67 38 67
38 67 35 76
35 76 38 75
38 75 38 79
38 79 41 78
41 78 41 77
41 77 41 80
41 80 41 81
41 81 38 84
38 84 34 83
34 83 33 83
33 83 34 86
34 86 34 89
34 89 48 79
48 79 48 77
48 77 48 81
48 81 48 83
48 83 51 88
51 88 48 93
48 93 48 95
48 95 57 89
57 89 58 85
58 85 60 101
60 101 61 101
61 101 62 101
62 101 61 88
61 88 51 82
51 82 51 78
51 78 55 76
55 76 56 76
56 76 57 76
57 76 57 71
57 71 55 67
55 67 51 64
51 64 48 60
48 60 48 58
48 58 48 56
48 56 48 55
48 55 48 52
48 52 49 49
49 49 48 48
48 48 48 47
48 47 51 54
51 54 51 52
51 52 48 68
48 68 48 69
48 69 48 70
48 70 57 63
57 63 57 60
57 60 61 64
61 64 64 60
64 60 63 58
63 58 63 57
63 57 63 56
63 56 61 54
61 54 61 52
61 52 57 51
57 51 56 51
56 51 64 49
64 49 64 46
64 46 71 49
71 49 71 46
71 46 71 44
71 44 71 42
71 42 71 40
71 40 71 39
71 39 74 37
74 37 74 33
74 33 74 30
74 30 71 25
71 25 80 31
80 31 80 28
80 28 87 25
87 25 71 51
71 51 71 54
71 54 71 56
71 56 71 58
71 58 71 60
71 60 71 62
71 62 71 64
71 64 71 67
71 67 74 67
74 67 74 71
74 71 78 68
78 68 79 68
79 68 80 68
80 68 81 68
81 68 84 71
84 71 81 75
81 75 80 75
80 75 79 75
79 75 78 75
78 75 77 75
77 75 74 79
74 79 77 81
77 81 78 81
78 81 79 81
79 81 80 82
80 82 78 89
78 89 74 87
74 87 74 95
74 95 77 89
77 89 79 89
79 89 80 90
80 90 81 92
81 92 84 95
84 95 94 96
94 96 94 97
94 97 95 98
95 98 97 101
97 101 108 101
108 101 110 98
110 98 110 95
110 95 87 70
87 70 87 69
87 69 87 72
87 72 87 73
87 73 87 76
87 76 87 77
87 77 87 79
87 79 87 80
87 80 87 81
87 81 87 84
87 84 87 85
87 85 87 87
87 87 87 88
87 88 87 89
87 89 94 70
94 70 94 68
94 68 94 66
94 66 94 64
94 64 94 62
94 62 94 60
94 60 94 56
94 56 94 55
94 55 94 49
94 49 94 48
94 48 94 42
94 42 94 41
94 41 97 61
97 61 101 59
101 59 102 59
102 59 103 59
103 59 109 55
109 55 109 49
109 49 110 48
110 48 109 41
109 41 110 40
110 40 122 45
122 45 110 56
110 56 97 65
97 65 97 69
97 69 101 72
101 72 97 75
97 75 97 81
97 81 102 72
102 72 103 72
103 72 104 72
104 72 107 75
107 75 110 75
110 75 110 73
110 73 122 73
122 73 110 76
110 76 110 77
110 77 110 79
110 79 110 81
110 81 107 81
107 81 103 85
103 85 110 82
110 82 110 83
110 83 74 63
74 63 74 59
74 59 74 55
74 55 78 53
78 53 79 53
79 53 80 53
80 53 84 51
84 51 84 49
84 49 80 48
80 48 79 48
79 48 80 44
80 44 86 42
86 42 86 41
86 41 86 40
86 40 74 49
74 49 74 51
74 51 34 76
34 76 28 57
28 57 28 59
28 59 33 56
33 56 34 52
34 52 34 56
34 56 38 57
38 57 38 59
38 59 34 60
34 60 12 45
12 45 15 45
15 45 2 44
2 44 5 35
5 35 5 30
5 30 5 37
5 37 9 38
9 38 10 34
10 34 11 34
11 34 15 35
15 35 15 37
15 37 18 32
18 32 18 31
18 31 15 30
15 30 12 27
12 27 11 27
11 27 10 27
10 27 9 27
9 27 18 29
18 29 18 28
18 28 5 24
5 24 5 21
5 21 9 22
9 22 10 20
10 20 11 20
11 20 11 17
11 17 15 21
15 21 18 17
18 17 17 15
17 15 17 14
17 14 17 13
17 13 15 11
15 11 12 8
12 8 11 5
11 5 10 22
10 22 11 22
11 22 0 15
