343
0 13 2 12
0 13 2 14
0 16 0 19
0 16 2 16
0 19 0 22
0 22 2 21
0 22 2 23
0 25 2 25
0 28 0 31
0 28 2 27
0 31 0 34
0 34 0 37
0 34 2 34
0 37 0 40
0 4 0 7
0 40 6 42
0 7 2 10
2 10 2 12
2 10 5 8
2 14 2 16
2 21 5 20
2 23 2 25
2 25 2 27
2 27 8 28
5 20 8 17
5 20 9 21
5 8 9 10
8 17 11 18
8 28 12 28
9 10 12 5
11 18 12 17
12 17 15 17
12 28 15 28
12 5 15 8
15 28 18 34
18 34 25 31
25 10 25 12
25 10 25 6
25 10 32 10
25 12 25 14
25 14 25 16
25 16 28 19
25 25 25 27
25 25 28 21
25 27 25 29
25 29 25 31
25 31 28 34
28 19 28 21
28 19 31 17
28 21 32 25
28 34 31 32
31 17 34 18
31 32 34 33
32 10 40 6
34 18 35 17
34 33 35 32
35 17 38 17
35 32 38 32
38 17 38 19
38 19 38 21
38 32 38 34
40 6 48 10
48 10 48 12
48 10 51 8
48 12 48 13
48 13 48 14
48 14 51 18
48 21 48 23
48 21 51 18
48 23 48 24
48 24 48 25
48 25 48 28
48 28 48 35
51 8 55 12
55 12 57 11
55 12 57 16
55 23 57 22
57 11 61 8
57 16 57 22
57 16 61 14
57 22 61 25
58 5 61 8
61 25 63 28
63 28 64 35
64 35 71 34
71 15 71 17
71 15 74 11
71 17 71 18
71 18 71 19
71 19 71 21
71 21 71 23
71 23 71 24
71 24 71 25
71 25 74 29
71 34 71 36
71 34 74 29
74 11 74 9
74 6 74 9
74 9 80 8
78 17 78 21
78 17 80 16
78 21 80 23
80 16 84 11
80 16 84 19
80 23 80 27
80 27 80 30
80 5 80 8
80 8 84 6
84 11 84 9
84 19 94 16
84 6 84 9
93 0 94 10
94 10 94 14
94 14 94 16
94 16 94 18
94 16 101 14
94 18 94 20
94 20 94 23
94 23 94 25
94 23 100 21
94 25 94 27
94 27 94 29
94 29 94 31
94 31 97 34
97 34 97 36
97 34 100 32
100 21 101 25
100 21 104 21
100 32 103 33
101 14 110 10
103 33 104 32
104 21 107 21
104 32 107 32
107 21 109 23
107 32 107 34
107 34 107 36
110 10 117 10
117 10 117 12
117 10 120 6
117 12 117 13
117 13 117 14
117 14 120 19
117 33 117 35
117 33 120 27
120 19 120 23
120 19 124 20
120 23 120 27
124 12 126 11
124 12 127 16
124 20 125 21
124 23 125 21
124 23 125 25
124 27 125 25
124 27 126 29
126 11 126 5
126 29 130 26
126 5 130 6
127 16 130 14
127 16 130 19
130 19 130 22
130 22 130 26
130 6 140 6
140 20 140 22
140 20 143 17
140 20 143 21
140 22 140 24
140 24 140 26
140 26 140 28
140 28 143 31
140 6 143 10
143 10 143 13
143 10 149 11
143 13 143 17
143 21 147 22
143 31 143 34
143 31 146 29
143 34 143 36
146 29 149 30
147 22 148 20
148 20 149 20
149 11 149 8
149 20 153 21
149 30 149 33
149 30 150 29
149 42 153 36
149 8 155 6
150 29 153 29
153 29 153 31
153 31 153 34
153 34 153 36
155 6 163 10
163 10 163 12
163 10 166 8
163 12 163 14
163 14 163 16
163 16 163 18
163 18 163 20
163 18 169 17
163 20 163 22
163 22 163 24
163 24 166 28
166 28 166 31
166 28 169 25
166 31 166 35
166 8 170 10
169 17 170 18
169 25 172 26
170 10 173 5
170 18 173 17
172 26 172 29
172 26 173 25
173 17 176 17
173 25 176 25
173 5 176 8
176 17 186 14
186 10 186 14
186 14 186 16
186 16 186 18
186 18 186 20
186 20 189 23
186 26 189 23
189 23 195 21
195 14 195 21
195 21 195 22
195 21 199 21
195 32 201 26
199 21 199 23
199 23 201 26
201 26 209 25
202 10 209 10
209 10 209 11
209 11 209 12
209 11 212 8
209 12 209 15
209 15 209 17
209 15 212 16
209 17 209 19
209 19 209 21
209 21 209 23
209 21 212 20
209 23 209 25
209 25 209 27
209 25 212 24
209 27 209 29
209 27 212 28
209 29 209 32
209 32 209 34
209 34 209 37
209 34 212 33
209 37 212 37
212 16 216 14
212 33 216 31
216 14 217 14
216 31 217 31
217 14 218 14
217 31 218 31
218 14 224 12
219 5 222 8
222 8 224 12
224 11 224 12
224 12 232 13
232 13 232 6
232 13 235 18
232 21 232 23
232 21 235 18
232 21 235 22
232 23 232 25
232 25 232 27
232 25 235 26
232 27 232 29
232 29 232 31
232 29 235 30
232 31 235 34
235 18 239 20
235 34 235 36
235 34 241 33
239 20 240 20
239 20 241 16
240 20 241 20
241 16 248 13
241 33 245 34
245 34 245 36
247 6 248 13
248 13 255 12
255 10 255 12
255 10 258 6
255 12 255 13
255 12 258 12
255 13 255 15
255 31 255 32
255 31 258 28
255 32 255 34
255 34 255 36
258 12 258 14
258 12 262 10
258 14 258 16
258 16 258 20
258 20 258 24
258 20 262 21
258 24 258 28
262 10 263 10
262 10 263 13
262 21 263 22
262 24 263 22
262 24 263 26
262 28 263 26
262 28 264 30
263 10 264 10
263 10 264 5
263 13 263 15
263 13 264 13
263 15 264 15
264 15 265 17
264 5 268 6
265 17 268 16
265 17 268 20
268 14 268 16
268 20 268 23
268 20 278 19
268 23 268 27
278 10 278 12
278 10 281 7
278 12 278 13
278 13 281 14
278 19 281 16
278 35 287 25
281 12 281 14
281 12 285 10
281 14 281 16
285 10 286 10
285 10 286 13
286 10 287 10
286 13 287 13
286 13 287 15
287 10 287 5
287 13 291 14
287 25 293 19
287 25 294 35
291 14 291 16
291 16 293 19
293 19 299 21
299 16 299 21
