436
0 15 2 15
0 22 2 20
0 22 2 23
0 29 0 32
0 29 2 25
0 32 2 35
0 39 2 38
0 43 0 44
0 43 2 42
0 43 2 44
0 44 0 45
0 45 0 46
0 46 2 47
0 53 2 49
0 60 2 58
0 60 2 61
0 67 2 67
0 73 0 74
0 73 2 71
0 73 2 74
0 79 0 81
0 79 2 76
0 8 2 12
0 81 2 82
0 87 2 87
2 12 2 13
2 12 5 11
2 13 2 15
2 15 2 17
2 17 2 20
2 20 5 21
2 23 2 25
2 23 5 24
2 35 2 38
2 35 5 35
2 38 2 40
2 40 2 42
2 47 2 49
2 49 5 48
2 58 5 54
2 58 5 59
2 61 2 63
2 63 2 65
2 65 2 67
2 67 2 69
2 69 2 71
2 71 5 72
2 74 2 75
2 75 2 76
2 82 2 83
2 83 2 85
2 85 2 87
2 87 5 91
5 11 5 7
5 21 9 22
5 30 5 35
5 35 5 37
5 37 9 38
5 48 8 45
5 59 10 58
5 72 8 70
5 91 5 93
5 91 11 90
8 45 9 46
8 70 10 71
9 22 10 20
9 22 10 22
9 27 10 27
9 38 10 34
9 46 10 46
9 51 10 51
9 51 11 46
9 63 11 58
9 73 10 71
9 73 11 77
10 20 11 20
10 22 11 22
10 27 11 27
10 34 11 34
10 46 11 46
10 51 11 51
10 58 11 58
10 71 11 71
11 17 11 20
11 20 15 21
11 27 12 27
11 34 15 35
11 46 12 45
11 5 12 8
11 51 12 51
11 58 15 59
11 71 12 70
11 87 11 90
11 90 15 91
12 27 15 30
12 45 15 45
12 51 15 54
12 70 15 70
12 8 15 11
15 11 17 13
15 21 18 17
15 30 18 31
15 35 15 37
15 35 18 32
15 54 18 53
15 59 17 61
15 59 18 56
15 70 15 72
15 91 15 93
15 91 18 87
17 13 17 14
17 14 17 15
17 15 18 17
17 83 17 84
17 84 17 85
17 85 18 87
18 28 18 29
18 29 18 31
18 31 18 32
18 52 18 53
18 53 18 55
18 55 18 56
18 56 25 54
25 13 25 15
25 13 28 8
25 15 28 18
25 22 25 24
25 24 25 27
25 24 28 23
25 27 25 29
25 29 25 32
25 29 28 28
25 32 25 34
25 32 28 32
25 34 25 35
25 35 25 37
25 37 25 39
25 39 25 43
25 43 25 45
25 45 25 47
25 47 25 48
25 48 25 50
25 50 25 52
25 52 25 54
25 54 25 57
25 57 25 60
25 57 28 57
25 60 25 62
25 62 25 64
25 64 25 66
25 66 25 68
25 68 25 70
25 70 25 72
25 72 25 74
25 74 28 79
25 84 28 84
28 18 32 21
28 23 32 21
28 28 32 26
28 57 28 59
28 57 33 56
28 79 28 84
28 79 32 76
28 8 34 9
28 84 28 88
28 88 28 91
28 91 28 95
32 21 33 21
32 26 33 26
32 76 33 76
33 21 34 17
33 21 34 21
33 26 34 26
33 31 34 26
33 31 34 31
33 56 34 52
33 56 34 56
33 56 34 60
33 76 34 75
33 76 34 76
33 83 34 83
34 17 38 18
34 31 38 32
34 39 40 37
34 56 38 57
34 67 34 68
34 68 34 75
34 68 38 67
34 75 35 76
34 83 34 86
34 83 38 84
34 86 34 89
34 9 35 5
34 9 38 8
35 76 38 75
35 76 38 79
38 32 40 35
38 57 38 59
38 79 41 78
38 84 41 81
40 35 40 36
40 36 40 37
40 36 48 34
40 37 41 39
40 43 40 45
40 43 41 39
40 45 40 48
40 48 40 49
40 49 40 50
41 77 41 78
41 78 41 80
41 80 41 81
41 81 48 79
48 11 51 8
48 18 48 22
48 22 48 23
48 23 48 24
48 24 48 25
48 25 48 27
48 27 48 29
48 29 48 30
48 30 48 33
48 30 51 30
48 33 48 34
48 34 51 34
48 47 48 48
48 48 49 49
48 52 48 55
48 52 49 49
48 55 48 56
48 55 51 54
48 56 48 58
48 58 48 60
48 60 51 64
48 68 48 69
48 68 51 64
48 69 48 70
48 77 48 79
48 79 48 81
48 79 51 78
48 81 48 83
48 81 51 82
48 83 51 88
48 93 48 95
48 93 51 88
51 30 54 27
51 52 51 54
51 6 51 8
51 6 57 5
51 64 55 67
51 78 55 76
51 88 57 89
54 27 55 27
55 27 56 28
55 30 56 28
55 30 56 32
55 34 56 32
55 34 57 36
55 67 57 63
55 67 57 71
55 76 56 76
55 76 57 71
56 28 57 27
56 51 57 51
56 76 57 76
57 27 61 29
57 5 61 6
57 51 61 52
57 60 57 63
57 63 61 64
57 89 58 85
57 89 60 101
57 89 61 88
60 0 61 0
60 0 61 6
60 101 61 101
61 0 62 0
61 101 62 101
61 29 61 33
61 29 63 25
61 52 61 54
61 52 64 49
61 54 63 56
61 6 61 8
61 64 64 60
61 8 63 11
63 11 64 18
63 11 71 9
63 22 63 23
63 22 64 18
63 23 63 24
63 24 63 25
63 56 63 57
63 57 63 58
63 58 64 60
64 46 64 49
64 49 71 49
71 25 74 30
71 39 71 40
71 40 71 42
71 40 74 37
71 42 71 44
71 44 71 46
71 46 71 49
71 49 71 51
71 49 74 49
71 51 71 54
71 54 71 56
71 54 74 55
71 56 71 58
71 58 71 60
71 58 74 59
71 60 71 62
71 62 71 64
71 62 74 63
71 64 71 67
71 67 74 67
71 9 74 6
74 30 74 33
74 33 74 37
74 33 80 31
74 49 74 51
74 55 78 53
74 6 80 5
74 67 74 71
74 67 78 68
74 79 77 75
74 79 77 81
74 87 78 89
74 95 78 89
77 75 78 75
77 81 78 81
77 89 78 89
78 53 79 53
78 68 79 68
78 75 79 75
78 81 79 81
78 89 79 89
78 89 80 82
79 48 80 48
79 53 80 53
79 68 80 68
79 75 80 75
79 81 80 82
79 89 80 90
80 15 86 9
80 28 80 31
80 28 87 25
80 44 80 48
80 44 86 42
80 48 84 49
80 5 84 6
80 53 84 51
80 68 81 68
80 75 81 75
80 90 81 92
81 68 84 71
81 75 84 71
81 92 84 95
84 49 84 51
84 6 86 9
84 71 87 70
84 95 94 96
86 40 86 41
86 41 86 42
86 9 94 16
87 69 87 70
87 70 87 72
87 72 87 73
87 72 94 70
87 73 87 76
87 76 87 77
87 77 87 79
87 79 87 80
87 80 87 81
87 81 87 84
87 84 87 85
87 85 87 87
87 87 87 88
87 88 87 89
94 16 94 17
94 17 95 18
94 41 94 42
94 42 94 48
94 48 94 49
94 49 94 55
94 55 94 56
94 56 94 60
94 60 94 62
94 62 94 64
94 62 97 61
94 64 94 66
94 66 94 68
94 66 97 65
94 68 94 70
94 70 97 69
94 96 94 97
94 97 95 98
95 18 103 20
95 98 97 101
97 101 108 101
97 61 101 59
97 69 101 72
97 75 97 81
97 75 101 72
101 59 102 59
101 72 102 72
102 59 103 59
102 72 103 72
103 20 110 18
103 5 108 0
103 5 110 15
103 59 109 55
103 72 104 72
103 85 107 81
104 72 107 75
107 75 110 75
107 81 110 81
108 101 110 98
109 41 110 40
109 41 110 48
109 49 109 55
109 49 110 48
109 55 110 56
110 15 110 18
110 48 122 45
110 73 110 75
110 73 122 73
110 75 110 76
110 76 110 77
110 77 110 79
110 79 110 81
110 81 110 82
110 82 110 83
110 95 110 98
