131
0 13 5 13
5 13 5 19
5 19 5 25
5 25 0 26
0 26 0 27
0 27 5 31
5 31 5 37
5 37 0 39
0 39 5 43
5 43 5 8
5 8 9 10
9 10 10 10
10 10 11 10
11 10 12 10
12 10 15 13
15 13 18 13
18 13 18 11
18 11 18 15
18 15 18 17
18 17 18 19
18 19 15 19
15 19 18 21
18 21 18 23
18 23 18 25
18 25 15 25
15 25 18 27
18 27 18 29
18 29 18 31
18 31 15 31
15 31 18 33
18 33 18 35
18 35 18 37
18 37 15 37
15 37 18 39
18 39 18 41
18 41 18 42
18 42 15 43
15 43 18 44
18 44 18 45
18 45 25 29
25 29 25 28
25 28 25 26
25 26 25 24
25 24 25 23
25 23 25 22
25 22 28 20
28 20 28 16
28 16 25 15
25 15 25 11
25 11 25 9
25 9 33 15
33 15 34 15
34 15 34 5
34 5 35 17
35 17 38 16
38 16 38 20
38 20 40 22
40 22 41 23
41 23 48 22
48 22 48 27
48 27 56 25
56 25 57 25
57 25 64 22
64 22 71 16
71 16 71 13
71 13 71 11
71 11 63 6
63 6 57 12
57 12 48 6
48 6 74 12
74 12 78 10
78 10 79 10
79 10 74 6
74 6 80 10
80 10 80 5
80 5 84 6
84 6 74 16
74 16 74 20
74 20 74 24
74 24 74 29
74 29 78 32
78 32 79 33
79 33 78 35
78 35 74 35
74 35 79 37
79 37 78 39
78 39 74 39
74 39 71 45
71 45 61 47
61 47 61 45
61 45 57 44
57 44 51 45
51 45 51 47
51 47 71 47
71 47 80 41
80 41 84 38
84 38 84 34
84 34 84 29
84 29 84 24
84 24 84 20
84 20 81 17
81 17 107 27
107 27 77 21
77 21 28 28
28 28 28 30
28 30 28 34
28 34 28 40
28 40 28 43
28 43 28 47
28 47 34 38
34 38 34 41
34 41 32 26
32 26 33 26
33 26 34 26
34 26 33 29
33 29 32 31
32 31 33 31
33 31 34 31
34 31 35 31
35 31 38 30
38 30 38 34
38 34 41 34
41 34 41 32
41 32 41 35
41 35 41 36
41 36 34 29
34 29 15 8
15 8 12 5
12 5 8 0
8 0 2 0
2 0 0 13
