343
0 13 2 12
2 12 2 10
2 10 0 7
0 7 0 4
0 4 5 8
5 8 9 10
9 10 12 5
12 5 15 8
15 8 2 14
2 14 2 16
2 16 0 16
0 16 0 19
0 19 0 22
0 22 2 21
2 21 5 20
5 20 8 17
8 17 11 18
11 18 12 17
12 17 15 17
15 17 9 21
9 21 2 23
2 23 2 25
2 25 0 25
0 25 2 27
2 27 0 28
0 28 0 31
0 31 0 34
0 34 0 37
0 37 0 40
0 40 6 42
6 42 2 34
2 34 8 28
8 28 12 28
12 28 15 28
15 28 18 34
18 34 25 31
25 31 25 29
25 29 25 27
25 27 25 25
25 25 28 21
28 21 28 19
28 19 25 16
25 16 25 14
25 14 25 12
25 12 25 10
25 10 25 6
25 6 32 10
32 10 40 6
40 6 48 10
48 10 48 12
48 12 48 13
48 13 48 14
48 14 51 18
51 18 48 21
48 21 48 23
48 23 48 24
48 24 48 25
48 25 48 28
48 28 48 35
48 35 51 8
51 8 55 12
55 12 57 11
57 11 61 8
61 8 58 5
58 5 57 16
57 16 57 22
57 22 55 23
55 23 61 25
61 25 63 28
63 28 64 35
64 35 71 34
71 34 71 36
71 36 74 29
74 29 71 25
71 25 71 24
71 24 71 23
71 23 71 21
71 21 71 19
71 19 71 18
71 18 71 17
71 17 71 15
71 15 74 11
74 11 74 9
74 9 74 6
74 6 80 8
80 8 80 5
80 5 84 6
84 6 84 9
84 9 84 11
84 11 80 16
80 16 78 17
78 17 78 21
78 21 80 23
80 23 80 27
80 27 80 30
80 30 84 19
84 19 94 16
94 16 94 14
94 14 94 10
94 10 93 0
93 0 94 18
94 18 94 20
94 20 94 23
94 23 94 25
94 25 94 27
94 27 94 29
94 29 94 31
94 31 97 34
97 34 97 36
97 36 100 32
100 32 103 33
103 33 104 32
104 32 107 32
107 32 107 34
107 34 107 36
107 36 100 21
100 21 101 25
101 25 104 21
104 21 107 21
107 21 109 23
109 23 101 14
101 14 110 10
110 10 117 10
117 10 117 12
117 12 117 13
117 13 117 14
117 14 120 19
120 19 120 23
120 23 120 27
120 27 117 33
117 33 117 35
117 35 124 20
124 20 125 21
125 21 124 23
124 23 125 25
125 25 124 27
124 27 126 29
126 29 130 26
130 26 130 22
130 22 130 19
130 19 127 16
127 16 124 12
124 12 126 11
126 11 126 5
126 5 130 6
130 6 140 6
140 6 143 10
143 10 143 13
143 13 143 17
143 17 140 20
140 20 140 22
140 22 140 24
140 24 140 26
140 26 140 28
140 28 143 31
143 31 143 34
143 34 143 36
143 36 146 29
146 29 149 30
149 30 149 33
149 33 150 29
150 29 153 29
153 29 153 31
153 31 153 34
153 34 153 36
153 36 149 42
149 42 143 21
143 21 147 22
147 22 148 20
148 20 149 20
149 20 153 21
153 21 149 11
149 11 149 8
149 8 155 6
155 6 163 10
163 10 163 12
163 12 163 14
163 14 163 16
163 16 163 18
163 18 163 20
163 20 163 22
163 22 163 24
163 24 166 28
166 28 166 31
166 31 166 35
166 35 169 25
169 25 172 26
172 26 172 29
172 29 173 25
173 25 176 25
176 25 169 17
169 17 170 18
170 18 173 17
173 17 176 17
176 17 186 14
186 14 186 10
186 10 186 16
186 16 186 18
186 18 186 20
186 20 189 23
189 23 186 26
186 26 195 21
195 21 195 14
195 14 195 22
195 22 199 21
199 21 199 23
199 23 201 26
201 26 195 32
195 32 209 25
209 25 209 23
209 23 209 21
209 21 209 19
209 19 209 17
209 17 209 15
209 15 209 12
209 12 209 11
209 11 209 10
209 10 202 10
202 10 212 8
212 8 212 16
212 16 216 14
216 14 217 14
217 14 218 14
218 14 224 12
224 12 222 8
222 8 219 5
219 5 224 11
224 11 232 13
232 13 232 6
232 6 235 18
235 18 232 21
232 21 232 23
232 23 232 25
232 25 232 27
232 27 232 29
232 29 232 31
232 31 235 34
235 34 235 36
235 36 241 33
241 33 245 34
245 34 245 36
245 36 235 30
235 30 235 26
235 26 235 22
235 22 239 20
239 20 240 20
240 20 241 20
241 20 241 16
241 16 248 13
248 13 247 6
247 6 255 12
255 12 255 10
255 10 258 6
258 6 255 13
255 13 255 15
255 15 258 12
258 12 258 14
258 14 258 16
258 16 258 20
258 20 258 24
258 24 258 28
258 28 255 31
255 31 255 32
255 32 255 34
255 34 255 36
255 36 262 21
262 21 263 22
263 22 262 24
262 24 263 26
263 26 262 28
262 28 264 30
264 30 262 10
262 10 263 10
263 10 264 10
264 10 264 5
264 5 268 6
268 6 263 13
263 13 263 15
263 15 264 15
264 15 265 17
265 17 268 16
268 16 268 14
268 14 268 20
268 20 268 23
268 23 268 27
268 27 278 19
278 19 281 16
281 16 281 14
281 14 278 13
278 13 278 12
278 12 278 10
278 10 281 7
281 7 281 12
281 12 285 10
285 10 286 10
286 10 287 10
287 10 287 5
287 5 286 13
286 13 287 13
287 13 291 14
291 14 291 16
291 16 293 19
293 19 287 25
287 25 278 35
278 35 294 35
294 35 299 21
299 21 299 16
299 16 287 15
287 15 264 13
264 13 212 20
212 20 209 27
209 27 209 29
209 29 209 32
209 32 209 34
209 34 209 37
209 37 212 37
212 37 212 33
212 33 216 31
216 31 217 31
217 31 218 31
218 31 212 28
212 28 212 24
212 24 166 8
166 8 170 10
170 10 173 5
173 5 176 8
176 8 130 14
130 14 120 6
120 6 61 14
61 14 31 17
31 17 34 18
34 18 35 17
35 17 38 17
38 17 38 19
38 19 38 21
38 21 32 25
32 25 28 34
28 34 31 32
31 32 34 33
34 33 35 32
35 32 38 32
38 32 38 34
38 34 0 13
