411
0 38 0 39
0 39 0 40
0 40 0 41
0 41 2 38
2 38 2 35
2 35 2 33
2 33 2 29
2 29 2 27
2 27 2 25
2 25 2 24
2 24 2 22
2 22 2 20
2 20 2 15
2 15 2 13
2 13 5 8
5 8 11 9
11 9 12 5
12 5 15 8
15 8 5 21
5 21 9 19
9 19 10 19
10 19 11 19
11 19 5 34
5 34 9 32
9 32 10 32
10 32 11 29
11 29 17 27
17 27 17 26
17 26 17 25
17 25 18 29
18 29 25 27
25 27 25 29
25 29 25 32
25 32 28 32
28 32 28 34
28 34 28 37
28 37 25 36
25 36 25 38
25 38 25 40
25 40 25 42
25 42 25 44
25 44 25 46
25 46 25 49
25 49 25 51
25 51 25 53
25 53 25 55
25 55 25 57
25 57 25 59
25 59 28 58
28 58 34 61
34 61 28 54
28 54 28 50
28 50 32 48
32 48 33 48
33 48 34 48
34 48 28 45
28 45 28 41
28 41 32 35
32 35 33 31
33 31 34 31
34 31 38 32
38 32 38 34
38 34 40 29
40 29 40 27
40 27 38 23
38 23 38 21
38 21 34 20
34 20 34 17
34 17 38 18
38 18 33 35
33 35 34 35
34 35 28 23
28 23 28 21
28 21 28 18
28 18 25 15
25 15 25 13
25 13 28 8
28 8 34 9
34 9 35 5
35 5 38 8
38 8 11 32
11 32 5 38
5 38 10 37
10 37 11 37
11 37 15 38
15 38 17 41
17 41 17 42
17 42 17 43
17 43 2 40
2 40 2 41
2 41 2 43
2 43 0 44
0 44 0 45
0 45 0 46
0 46 2 47
2 47 2 50
2 50 5 50
5 50 5 52
5 52 5 54
5 54 2 54
2 54 5 56
5 56 2 57
2 57 2 58
2 58 2 60
2 60 2 62
2 62 0 66
0 66 2 66
2 66 2 67
2 67 2 68
2 68 2 69
2 69 2 71
2 71 2 72
2 72 2 74
2 74 2 76
2 76 2 78
2 78 2 81
2 81 5 85
5 85 5 88
5 88 5 92
5 92 13 97
13 97 11 86
11 86 11 83
11 83 17 81
17 81 25 79
25 79 25 78
25 78 25 76
25 76 26 74
26 74 25 73
25 73 25 72
25 72 25 82
25 82 25 83
25 83 28 83
28 83 28 87
28 87 28 91
28 91 28 79
28 79 31 76
31 76 32 76
32 76 33 77
33 77 32 79
32 79 33 81
33 81 32 83
32 83 34 85
34 85 34 76
34 76 38 78
38 78 38 82
38 82 41 74
41 74 41 71
41 71 48 74
48 74 48 71
48 71 48 69
48 69 51 70
51 70 55 68
55 68 56 68
56 68 51 64
51 64 55 61
55 61 56 61
56 61 57 58
57 58 57 61
57 61 58 61
58 61 61 64
61 64 64 63
64 63 64 62
64 62 64 58
64 58 63 56
63 56 63 55
63 55 63 54
63 54 61 52
61 52 57 51
57 51 56 51
56 51 51 52
51 52 48 51
48 51 48 45
48 45 48 44
48 44 48 43
48 43 48 53
48 53 48 54
48 54 48 56
48 56 48 58
48 58 57 46
57 46 55 42
55 42 51 38
51 38 48 33
48 33 48 31
48 31 48 29
48 29 48 27
48 27 48 25
48 25 48 23
48 23 48 21
48 21 48 19
48 19 51 18
51 18 48 13
48 13 48 6
48 6 55 19
55 19 57 16
57 16 54 26
54 26 57 27
57 27 58 26
58 26 61 26
61 26 55 35
55 35 56 35
56 35 57 34
57 34 58 35
58 35 61 34
61 34 61 38
61 38 64 37
64 37 64 36
64 36 64 39
64 39 64 40
64 40 71 38
71 38 71 36
71 36 71 33
71 33 71 31
71 31 71 29
71 29 71 27
71 27 71 25
71 25 74 25
74 25 74 21
74 21 71 17
71 17 71 15
71 15 71 13
71 13 71 12
71 12 64 13
64 13 63 6
63 6 61 0
61 0 60 0
60 0 62 0
62 0 71 10
71 10 71 6
71 6 74 11
74 11 79 24
79 24 80 20
80 20 80 17
80 17 84 21
84 21 87 17
87 17 86 15
86 15 86 14
86 14 86 13
86 13 84 11
84 11 80 10
80 10 79 10
79 10 86 6
86 6 94 11
94 11 94 13
94 13 97 12
97 12 101 10
101 10 102 10
102 10 103 10
103 10 107 8
107 8 107 6
107 6 103 5
103 5 108 0
108 0 101 15
101 15 97 18
97 18 94 23
94 23 94 25
94 25 97 24
97 24 101 22
101 22 102 22
102 22 103 22
103 22 101 27
101 27 102 27
102 27 103 27
103 27 104 27
104 27 107 30
107 30 110 29
110 29 110 28
110 28 110 31
110 31 110 32
110 32 107 35
107 35 104 36
104 36 103 34
103 34 102 34
102 34 103 36
103 36 102 36
102 36 101 36
101 36 100 36
100 36 97 35
97 35 94 34
94 34 97 30
97 30 97 40
97 40 100 42
100 42 101 42
101 42 102 42
102 42 103 43
103 43 110 37
110 37 110 38
110 38 110 40
110 40 110 41
110 41 110 42
110 42 110 45
110 45 110 46
110 46 110 48
110 48 110 49
110 49 110 50
110 50 110 54
110 54 110 56
110 56 107 56
107 56 103 60
103 60 110 70
110 70 110 73
110 73 103 75
103 75 95 73
95 73 94 72
94 72 94 71
94 71 87 69
87 69 86 70
86 70 87 77
87 77 86 78
86 78 86 84
86 84 87 85
87 85 86 89
86 89 94 86
94 86 94 87
94 87 95 88
95 88 97 91
97 91 103 90
103 90 107 91
107 91 108 97
108 97 110 88
110 88 110 85
110 85 104 53
104 53 103 51
103 51 102 50
102 50 101 50
101 50 100 50
100 50 97 48
97 48 103 53
103 53 102 53
102 53 101 53
101 53 97 56
97 56 110 57
110 57 110 58
110 58 122 45
122 45 102 15
102 15 103 15
103 15 104 15
104 15 107 18
107 18 110 17
110 17 110 16
110 16 110 19
110 19 110 20
110 20 97 8
97 8 97 6
97 6 80 24
80 24 84 25
84 25 80 27
80 27 71 40
71 40 71 42
71 42 71 47
71 47 74 46
74 46 74 48
74 48 77 43
77 43 78 36
78 36 80 34
80 34 84 34
84 34 80 44
80 44 79 47
79 47 80 47
80 47 84 48
84 48 80 49
80 49 81 43
81 43 84 43
84 43 57 35
57 35 64 65
64 65 64 66
64 66 71 70
71 70 71 71
71 71 71 77
71 77 71 78
71 78 71 84
71 84 71 85
71 85 71 89
71 89 57 68
57 68 55 73
55 73 57 77
57 77 57 82
57 82 57 85
57 85 51 84
51 84 51 86
51 86 51 89
51 89 51 91
51 91 57 88
57 88 61 86
61 86 61 89
61 89 61 91
61 91 48 75
48 75 48 76
48 76 10 53
10 53 10 49
10 49 11 45
11 45 11 49
11 49 15 50
15 50 15 52
15 52 15 54
15 54 15 56
15 56 17 58
17 58 17 59
17 59 17 60
17 60 11 62
11 62 18 62
18 62 17 66
17 66 17 67
17 67 17 68
17 68 17 69
17 69 17 72
17 72 17 73
17 73 17 74
17 74 11 76
11 76 11 53
11 53 2 45
2 45 0 38
