662
0 20 2 16
2 16 2 11
2 11 2 9
2 9 11 5
11 5 10 15
10 15 11 15
11 15 2 25
2 25 2 31
2 31 2 32
2 32 2 33
2 33 2 35
2 35 2 38
2 38 0 39
0 39 2 39
2 39 3 41
3 41 2 43
2 43 2 44
2 44 0 45
0 45 2 47
2 47 2 48
2 48 2 49
2 49 2 54
2 54 2 56
2 56 0 58
0 58 2 59
2 59 2 60
2 60 3 62
3 62 2 64
2 64 0 64
0 64 2 65
2 65 2 68
2 68 2 69
2 69 2 70
2 70 2 75
2 75 2 77
2 77 0 77
0 77 2 82
2 82 5 36
5 36 10 35
10 35 11 35
11 35 15 36
15 36 17 32
17 32 16 25
16 25 11 24
11 24 10 24
10 24 28 23
28 23 28 18
28 18 28 14
28 14 28 8
28 8 31 15
31 15 34 27
34 27 38 23
38 23 38 18
38 18 38 14
38 14 38 8
38 8 35 5
35 5 48 19
48 19 51 24
51 24 51 27
51 27 51 31
51 31 48 35
48 35 48 36
48 36 48 39
48 39 48 40
48 40 48 42
48 42 48 46
48 46 48 48
48 48 41 47
41 47 40 48
40 48 48 50
48 50 48 51
48 51 48 54
48 54 48 55
48 55 49 57
49 57 48 59
48 59 48 60
48 60 48 63
48 63 48 64
48 64 48 65
48 65 41 64
41 64 41 58
41 58 48 70
48 70 48 72
48 72 48 75
48 75 48 77
48 77 41 77
41 77 40 76
40 76 40 74
40 74 51 81
51 81 51 85
51 85 48 90
48 90 48 92
48 92 51 95
51 95 51 98
51 98 51 100
51 100 48 103
48 103 38 103
38 103 35 100
35 100 28 103
28 103 15 100
15 100 10 99
10 99 9 101
9 101 5 101
5 101 9 97
9 97 5 97
5 97 10 95
10 95 9 94
9 94 15 96
15 96 34 93
34 93 32 93
32 93 57 97
57 97 57 94
57 94 61 95
61 95 61 98
61 98 61 100
61 100 63 103
63 103 61 109
61 109 51 45
51 45 51 47
51 47 51 49
51 49 56 48
56 48 56 46
56 46 55 42
55 42 56 42
56 42 57 42
57 42 58 42
58 42 57 46
57 46 57 48
57 48 61 47
61 47 61 45
61 45 64 44
64 44 64 43
64 43 63 39
63 39 63 35
63 35 61 49
61 49 63 51
63 51 63 54
63 54 64 58
64 58 63 60
63 60 63 63
63 63 64 64
64 64 63 70
63 70 63 72
63 72 63 75
63 75 63 77
63 77 57 79
57 79 58 82
58 82 57 86
57 86 61 85
61 85 71 63
71 63 71 60
71 60 71 59
71 59 71 55
71 55 71 53
71 53 74 48
74 48 71 45
71 45 71 44
71 44 71 42
71 42 71 38
71 38 71 36
71 36 71 34
71 34 71 30
71 30 74 36
74 36 77 37
77 37 78 34
78 34 79 34
79 34 80 34
80 34 78 37
78 37 79 37
79 37 80 37
80 37 81 37
81 37 74 41
74 41 74 44
74 44 78 42
78 42 78 45
78 45 79 45
79 45 80 45
80 45 81 45
81 45 80 49
80 49 84 48
84 48 87 47
87 47 87 46
87 46 87 40
87 40 87 39
87 39 94 38
94 38 94 36
94 36 94 34
94 34 94 31
94 31 87 30
87 30 97 35
97 35 94 39
94 39 94 41
94 41 94 43
94 43 94 45
94 45 94 46
94 46 94 47
94 47 94 49
94 49 94 50
94 50 94 53
94 53 94 54
94 54 95 56
95 56 94 58
94 58 94 59
94 59 94 62
94 62 94 63
94 63 94 64
94 64 94 69
94 69 97 45
97 45 97 38
97 38 97 40
97 40 97 42
97 42 101 43
101 43 102 41
102 41 102 39
102 39 101 36
101 36 102 34
102 34 103 34
103 34 107 35
107 35 110 31
110 31 109 24
109 24 107 21
107 21 103 20
103 20 101 15
101 15 97 14
97 14 94 13
94 13 94 16
94 16 86 14
86 14 80 20
80 20 84 11
84 11 84 9
84 9 80 8
80 8 74 6
74 6 72 0
72 0 61 0
61 0 57 9
57 9 74 9
74 9 74 11
74 11 71 14
71 14 80 5
80 5 84 6
84 6 90 0
90 0 94 18
94 18 97 11
97 11 97 7
97 7 97 17
97 17 97 21
97 21 94 24
94 24 102 13
102 13 103 13
103 13 102 15
102 15 103 15
103 15 107 14
107 14 107 11
107 11 104 8
104 8 103 5
103 5 107 0
107 0 108 0
108 0 102 36
102 36 103 36
103 36 103 39
103 39 107 40
107 40 107 42
107 42 109 47
109 47 109 50
109 50 109 53
109 53 110 57
110 57 109 59
109 59 109 62
109 62 110 63
110 63 109 69
109 69 103 71
103 71 100 75
100 75 97 78
97 78 97 83
97 83 101 86
101 86 102 87
102 87 101 89
101 89 97 89
97 89 102 91
102 91 101 93
101 93 97 93
97 93 94 99
94 99 94 101
94 101 103 95
103 95 107 92
107 92 107 88
107 88 107 83
107 83 107 78
107 78 117 62
117 62 117 59
117 59 117 58
117 58 117 57
117 57 117 55
117 55 117 51
117 51 120 56
120 56 125 55
125 55 126 55
126 55 130 56
130 56 132 58
132 58 132 59
132 59 132 62
132 62 127 65
127 65 130 68
130 68 130 74
130 74 130 78
130 78 130 83
130 83 130 88
130 88 125 87
125 87 124 86
124 86 120 83
120 83 120 78
120 78 120 74
120 74 120 68
120 68 123 75
123 75 124 89
124 89 120 89
120 89 125 91
125 91 124 93
124 93 120 93
120 93 117 99
117 99 117 101
117 101 126 95
126 95 130 92
130 92 133 51
133 51 132 44
132 44 130 41
130 41 126 40
126 40 125 38
125 38 125 36
125 36 124 33
124 33 120 32
120 32 117 31
117 31 117 29
117 29 117 28
117 28 120 24
120 24 120 20
120 20 120 17
120 17 117 13
117 13 117 11
117 11 120 8
120 8 126 18
126 18 126 15
126 15 132 13
132 13 132 11
132 11 130 8
130 8 127 5
127 5 117 33
117 33 117 35
117 35 117 36
117 36 117 38
117 38 120 35
120 35 120 37
120 37 120 39
120 39 120 41
120 41 117 44
117 44 125 31
125 31 126 31
126 31 125 33
125 33 126 33
126 33 130 32
130 32 132 28
132 28 126 36
126 36 126 38
126 38 130 39
130 39 130 37
130 37 140 49
140 49 140 47
140 47 140 44
140 44 140 43
140 43 143 40
143 40 143 36
143 36 143 33
143 33 140 29
140 29 140 28
140 28 140 25
140 25 140 24
140 24 140 23
140 23 140 21
140 21 140 19
140 19 140 16
140 16 140 14
140 14 140 11
140 11 143 8
143 8 149 10
149 10 153 8
153 8 150 5
150 5 155 11
155 11 153 15
153 15 155 17
155 17 153 21
153 21 149 23
149 23 155 23
155 23 156 24
156 24 155 28
155 28 155 29
155 29 156 18
156 18 149 34
149 34 149 31
149 31 140 52
140 52 140 53
140 53 141 55
141 55 140 57
140 57 140 58
140 58 140 61
140 61 140 62
140 62 140 63
140 63 140 68
140 68 140 70
140 70 143 75
143 75 143 77
143 77 143 80
143 80 143 82
143 82 140 85
140 85 149 76
149 76 149 79
149 79 150 72
150 72 155 70
155 70 155 68
155 68 156 62
156 62 155 61
155 61 155 58
155 58 156 56
156 56 155 52
155 52 163 54
163 54 163 51
163 51 163 50
163 50 163 48
163 48 166 45
166 45 163 42
163 42 163 41
163 41 163 40
163 40 163 38
163 38 163 36
163 36 163 33
163 33 163 31
163 31 163 28
163 28 163 25
163 25 163 24
163 24 163 23
163 23 163 21
163 21 163 19
163 19 163 16
163 16 163 14
163 14 163 11
163 11 166 7
166 7 172 5
172 5 172 10
172 10 176 15
176 15 178 11
178 11 186 6
186 6 185 0
185 0 186 0
186 0 187 0
187 0 188 0
188 0 195 12
195 12 201 6
201 6 209 0
209 0 210 0
210 0 216 0
216 0 227 15
227 15 227 29
227 29 227 43
227 43 227 45
227 45 227 52
227 52 227 57
227 57 227 71
227 71 178 17
178 17 176 21
176 21 172 23
172 23 172 27
172 27 178 23
178 23 179 24
179 24 178 28
178 28 176 32
176 32 178 34
178 34 176 38
176 38 172 40
172 40 172 44
172 44 176 45
176 45 178 48
178 48 178 51
178 51 178 54
178 54 179 58
179 58 178 60
178 60 178 63
178 63 179 64
179 64 178 70
178 70 178 72
178 72 178 40
178 40 179 41
179 41 179 35
179 35 186 34
186 34 186 32
186 32 186 29
186 29 186 28
186 28 186 22
186 22 189 33
189 33 193 31
193 31 194 31
194 31 195 31
195 31 201 28
201 28 202 22
202 22 189 37
189 37 189 40
189 40 189 42
189 42 186 45
186 45 186 46
186 46 186 48
186 48 186 51
186 51 189 55
189 55 189 58
189 58 189 62
189 62 189 66
189 66 189 70
189 70 189 76
189 76 189 80
189 80 189 85
189 85 193 88
193 88 194 89
194 89 193 91
193 91 189 91
189 91 194 93
194 93 193 95
193 95 189 95
189 95 186 101
186 101 186 103
186 103 195 97
195 97 199 90
199 90 199 85
199 85 199 80
199 80 199 76
199 76 199 70
199 70 196 67
196 67 196 63
196 63 199 66
199 66 199 94
199 94 192 77
192 77 189 49
189 49 194 48
194 48 195 48
195 48 199 49
199 49 201 46
201 46 199 42
199 42 199 40
199 40 195 39
195 39 195 36
195 36 199 37
199 37 201 51
201 51 195 53
195 53 195 56
195 56 179 18
179 18 163 55
163 55 164 57
164 57 163 59
163 59 163 60
163 60 163 63
163 63 163 64
163 64 163 65
163 65 163 70
163 70 163 72
163 72 166 76
166 76 166 80
166 80 166 85
166 85 170 88
170 88 171 89
171 89 170 91
170 91 166 91
166 91 171 93
171 93 170 95
170 95 166 95
166 95 163 101
163 101 156 101
156 101 163 103
163 103 172 97
172 97 176 94
176 94 176 90
176 90 176 85
176 85 176 80
176 80 169 77
169 77 172 74
172 74 153 75
153 75 153 77
153 77 153 80
153 80 153 82
153 82 155 85
155 85 149 91
149 91 140 101
140 101 143 48
143 48 147 46
147 46 148 46
148 46 149 46
149 46 155 44
155 44 155 43
155 43 117 63
117 63 103 41
103 41 102 43
102 43 103 43
103 43 79 42
79 42 80 42
80 42 71 64
71 64 71 68
71 68 71 69
71 69 71 70
71 70 71 73
71 73 74 73
74 73 74 75
74 75 77 76
77 76 74 79
74 79 74 84
74 84 78 87
78 87 79 88
79 88 78 90
78 90 74 90
74 90 79 92
79 92 78 94
78 94 74 94
74 94 71 100
71 100 71 102
71 102 80 96
80 96 84 93
84 93 84 89
84 89 79 72
79 72 80 72
80 72 84 73
84 73 84 75
84 75 84 79
84 79 84 84
84 84 86 69
86 69 86 63
86 63 86 59
86 59 87 70
87 70 57 22
57 22 57 25
57 25 64 19
64 19 17 33
17 33 17 38
17 38 18 42
18 42 17 44
17 44 17 47
17 47 18 48
18 48 17 54
17 54 17 56
17 56 17 59
17 59 18 63
18 63 17 65
17 65 17 68
17 68 18 69
18 69 17 75
17 75 17 77
17 77 11 79
11 79 10 79
10 79 25 75
25 75 25 74
25 74 25 76
25 76 25 77
25 77 25 62
25 62 25 60
25 60 25 59
25 59 26 63
26 63 25 48
25 48 25 49
25 49 0 20
