237
0 15 5 13
0 33 2 28
0 33 5 33
0 51 0 60
0 51 2 44
0 60 5 64
2 21 2 28
2 21 5 18
2 44 5 40
5 13 5 18
5 13 5 8
5 33 5 36
5 33 11 31
5 36 5 40
5 40 10 42
5 64 12 61
5 8 9 10
9 10 10 10
10 10 11 10
10 42 11 42
11 10 12 10
11 10 15 8
11 17 15 18
11 31 11 34
12 10 15 13
12 5 15 8
12 61 15 64
15 13 18 13
15 18 17 21
15 18 18 15
15 64 25 61
17 21 18 28
18 11 18 13
18 11 25 10
18 13 18 14
18 14 18 15
25 10 25 12
25 10 28 7
25 12 25 14
25 12 28 12
25 14 25 16
25 14 28 15
25 16 25 18
25 18 25 20
25 18 28 19
25 20 25 23
25 23 28 23
25 32 25 34
25 32 28 27
25 34 28 37
25 45 28 42
28 12 32 10
28 23 28 27
28 27 34 28
28 37 28 40
28 40 28 42
28 40 34 39
32 10 32 13
32 10 33 10
32 13 33 13
33 10 34 10
33 13 34 13
34 10 34 5
34 28 35 24
34 28 38 27
34 36 34 39
34 39 38 37
34 51 40 45
34 51 41 61
38 37 38 40
38 40 38 42
38 42 40 45
40 45 48 45
41 61 48 61
48 10 51 11
48 32 48 34
48 32 51 26
48 34 51 37
48 45 51 42
51 11 51 14
51 11 51 7
51 14 51 18
51 18 51 22
51 22 51 26
51 26 55 26
51 37 51 40
51 40 51 42
51 40 57 39
54 0 55 0
55 0 57 5
55 19 56 20
55 22 56 20
55 22 56 24
55 26 56 24
55 26 57 28
56 10 57 10
56 10 57 12
56 10 57 5
56 20 58 15
57 12 58 15
57 12 61 11
57 36 57 39
57 39 61 37
57 51 63 45
58 15 61 18
61 18 61 21
61 21 61 25
61 37 61 40
61 40 61 42
61 42 63 45
63 45 74 43
64 61 71 56
71 54 71 56
71 54 74 49
71 56 74 59
71 6 72 0
71 6 74 13
72 0 73 0
74 13 74 19
74 13 78 10
74 19 74 25
74 25 74 31
74 31 74 37
74 37 74 43
74 43 74 49
74 49 80 47
74 59 74 62
74 59 80 58
74 62 74 64
78 10 79 10
79 10 80 10
80 10 81 10
80 47 80 50
80 58 80 61
80 58 84 59
81 10 84 13
84 13 87 13
84 19 87 19
84 25 87 25
84 31 87 31
84 37 87 37
84 43 87 44
84 59 84 62
84 62 84 64
86 6 87 11
87 11 87 13
87 13 87 15
87 15 87 17
87 17 87 19
87 19 87 21
87 21 87 23
87 23 87 25
87 25 87 27
87 27 87 29
87 29 87 31
87 31 87 33
87 33 87 35
87 35 87 37
87 37 87 39
87 37 94 35
87 39 87 41
87 41 87 42
87 42 87 44
87 44 87 45
87 45 94 52
94 10 94 6
94 10 97 11
94 20 94 22
94 20 97 15
94 22 97 25
94 34 94 35
94 34 97 30
94 35 94 36
94 52 97 57
97 11 97 15
97 11 102 10
97 25 97 28
97 28 97 30
97 28 103 27
97 57 97 60
97 57 103 55
97 60 97 64
102 10 103 10
103 10 104 12
103 16 104 12
103 24 103 27
103 27 107 25
103 42 109 36
103 55 103 58
103 55 110 52
104 12 107 11
104 12 107 15
107 11 109 6
107 25 107 28
107 28 107 30
107 30 109 34
109 34 109 35
109 35 109 36
110 52 117 50
117 50 117 52
117 50 120 44
117 52 120 55
117 63 120 60
120 11 120 15
120 11 120 7
120 15 120 19
120 19 120 25
120 25 120 29
120 25 123 26
120 29 120 34
120 34 124 37
120 40 120 44
120 44 124 44
120 55 120 58
120 55 126 54
120 58 120 60
120 7 126 5
124 37 125 38
124 40 125 38
124 40 125 42
124 44 125 42
124 44 126 46
125 38 130 39
126 54 126 57
126 54 130 55
127 12 127 16
127 16 130 15
127 16 130 19
130 19 130 25
130 25 130 29
130 29 130 34
130 34 130 39
130 39 130 43
130 55 130 58
130 58 130 60
130 60 132 63
