379
2 11 2 14
2 11 2 9
2 14 2 16
2 16 2 17
2 17 2 18
2 18 2 20
2 20 2 22
2 22 2 23
2 23 2 24
2 24 5 29
5 29 5 33
5 29 9 29
9 16 11 15
9 16 11 21
9 22 9 26
9 22 11 21
9 26 10 27
9 29 10 27
9 29 10 31
9 33 10 31
11 15 11 5
11 21 15 18
11 21 15 24
15 24 15 28
15 24 25 22
15 28 15 32
25 10 25 12
25 10 28 8
25 12 25 13
25 13 25 14
25 14 28 18
25 20 25 22
25 20 28 18
25 22 25 23
25 23 25 24
25 24 25 31
28 8 32 12
32 12 34 11
32 12 34 16
32 22 34 21
34 11 38 8
34 16 34 21
34 16 38 14
34 21 38 24
35 5 38 8
38 24 41 31
41 31 51 30
48 10 48 12
48 10 48 6
48 12 48 13
48 13 48 14
48 14 48 16
48 16 48 18
48 18 48 19
48 19 48 20
48 20 51 25
51 25 51 27
51 27 51 30
51 30 51 32
51 30 57 29
55 12 57 11
55 12 57 17
55 18 57 17
55 18 58 22
57 11 63 6
57 17 61 14
57 26 57 29
57 26 58 22
57 29 61 27
58 22 61 20
61 25 61 27
61 27 61 30
61 30 61 32
63 6 71 10
71 10 71 12
71 10 74 7
71 12 71 13
71 13 71 14
71 14 71 16
71 16 71 18
71 18 71 19
71 19 71 20
71 20 71 23
71 23 71 30
74 7 78 12
74 7 80 5
78 12 80 11
78 12 80 17
78 18 80 17
80 11 84 14
80 17 84 20
84 20 86 23
86 23 87 30
87 30 89 39
87 30 94 28
94 10 94 12
94 10 97 8
94 12 94 13
94 13 94 14
94 14 94 16
94 16 94 18
94 18 94 20
94 20 94 26
94 20 97 19
94 26 94 28
94 28 97 31
97 17 97 19
97 19 97 21
97 19 102 18
97 31 103 30
97 6 97 8
101 12 102 16
101 12 103 11
102 16 102 18
102 16 103 16
102 18 102 20
102 18 103 18
102 20 103 20
102 20 103 22
103 11 107 8
103 22 107 21
103 30 107 31
103 5 107 6
107 14 107 17
107 17 107 19
107 19 107 21
107 6 107 8
107 8 117 10
117 10 117 12
117 10 120 8
117 12 117 13
117 13 117 14
117 14 123 16
120 20 123 16
120 20 123 22
120 27 120 30
120 27 126 25
120 30 120 34
123 16 124 16
123 22 124 22
124 12 124 16
124 12 126 11
124 16 125 16
124 22 125 22
125 16 126 16
125 22 126 23
126 11 130 8
126 16 127 16
126 23 126 25
126 25 126 28
127 16 130 14
127 5 130 8
130 14 133 17
133 17 133 18
133 18 133 20
133 20 133 21
133 20 140 18
133 21 133 22
140 10 140 14
140 14 140 16
140 16 140 17
140 17 140 18
140 18 140 20
140 20 140 22
140 20 143 21
140 22 140 24
140 24 143 24
143 24 147 22
145 0 146 0
146 0 147 0
147 0 148 0
147 16 148 20
147 16 149 15
147 22 148 20
147 22 148 22
148 0 149 0
148 20 149 20
148 22 149 22
149 0 150 0
149 20 153 18
149 22 149 29
150 0 151 0
151 0 152 0
152 0 153 0
153 0 154 0
153 0 156 10
153 18 153 21
153 18 156 10
156 10 163 10
163 10 163 12
163 10 163 6
163 12 163 13
163 13 163 14
163 14 166 17
163 20 163 22
163 20 166 17
163 20 166 21
163 31 163 33
163 31 166 26
166 21 166 23
166 21 171 20
166 23 166 26
170 12 172 11
170 12 172 16
171 20 171 22
171 20 172 16
171 20 172 20
171 22 172 22
172 11 178 6
172 22 172 24
172 22 176 21
172 24 172 27
176 14 176 17
176 17 176 21
176 21 176 23
178 6 186 6
186 10 186 12
186 10 186 6
186 12 186 13
186 13 186 14
186 14 186 17
186 17 189 20
186 22 186 23
186 22 189 20
186 23 186 24
186 24 186 25
186 25 189 28
189 20 192 16
189 28 189 31
189 31 189 33
192 16 193 16
193 12 195 11
193 12 195 16
193 16 194 16
194 16 195 16
195 16 196 16
195 16 199 14
195 27 195 30
195 27 199 28
199 14 201 6
199 14 202 18
199 28 199 31
199 28 201 24
199 31 199 33
201 22 201 23
201 22 202 19
201 23 201 24
201 24 201 25
202 18 202 19
202 19 209 18
209 10 209 12
209 12 209 14
209 14 209 16
209 16 209 18
209 18 209 20
209 18 212 17
209 20 209 22
212 11 212 13
212 11 212 8
212 13 212 15
212 15 212 17
212 17 212 19
212 19 212 22
212 22 212 25
212 22 216 20
212 25 212 28
212 28 212 32
216 20 217 18
216 20 217 20
217 10 217 12
217 10 218 10
217 12 217 14
217 12 218 12
217 14 217 16
217 14 218 14
217 16 217 18
217 16 218 16
217 18 218 18
217 20 218 20
217 20 218 23
218 12 222 11
218 23 218 26
219 5 222 8
222 11 222 13
222 11 222 8
222 13 222 15
222 15 222 17
222 17 222 19
222 8 232 9
232 12 232 13
232 12 232 9
232 13 232 14
232 14 232 15
232 15 232 17
232 17 235 18
232 9 235 6
235 18 235 23
235 18 238 19
235 23 238 25
235 30 235 34
235 30 241 28
238 19 239 19
238 25 239 25
239 19 240 17
239 19 240 19
239 25 240 25
240 17 241 17
240 19 241 19
240 25 241 26
241 19 242 19
241 26 241 28
241 28 242 31
241 5 245 6
242 19 245 18
242 31 245 34
245 18 247 14
245 18 248 20
245 6 247 9
247 12 247 13
247 12 247 9
247 13 247 14
247 14 247 15
248 20 248 21
248 21 248 23
248 23 248 24
248 24 248 25
248 24 255 22
255 10 255 12
255 10 255 6
255 12 255 13
255 13 255 14
255 14 258 17
255 20 255 22
255 20 258 17
255 22 255 23
255 23 255 24
255 24 255 30
255 30 255 32
258 17 262 12
262 12 264 11
262 12 264 16
262 22 264 21
262 22 264 26
264 16 264 21
264 16 268 14
264 26 268 24
268 14 268 17
268 14 270 6
268 14 278 14
278 14 278 16
278 14 281 12
278 16 278 17
278 17 278 18
278 18 281 22
278 28 278 31
278 28 281 29
281 12 281 8
281 12 285 12
281 22 281 26
281 26 281 29
285 12 285 16
285 12 286 10
285 16 287 15
285 16 287 20
285 5 286 6
285 8 286 10
285 8 286 6
286 28 287 28
286 6 291 7
287 20 288 23
287 20 291 18
287 28 291 26
288 23 291 26
291 11 291 7
291 18 299 20
291 26 291 29
291 29 293 31
293 31 299 31
