380
0 108 2 104
0 20 0 21
0 20 2 20
0 21 0 22
0 22 0 23
0 23 0 24
0 24 0 28
0 28 2 29
0 33 2 32
0 49 2 49
0 60 2 52
0 60 2 62
0 71 2 70
0 71 5 75
0 97 2 103
0 97 2 93
2 103 2 104
2 104 5 108
2 11 2 12
2 11 5 8
2 12 2 18
2 137 2 139
2 137 5 131
2 139 5 142
2 150 5 147
2 18 3 19
2 20 2 22
2 20 3 19
2 29 3 30
2 32 2 35
2 32 3 30
2 46 3 47
2 49 2 52
2 49 3 47
2 62 3 63
2 70 3 63
2 85 2 87
2 85 5 82
2 87 2 89
2 89 2 90
2 90 2 93
5 108 5 112
5 112 5 116
5 112 8 113
5 116 5 121
5 121 9 124
5 127 5 131
5 127 9 127
5 142 5 145
5 142 11 141
5 145 5 147
5 75 5 78
5 78 5 82
5 78 11 76
5 8 9 10
9 10 15 11
9 124 10 125
9 127 10 125
9 127 10 129
9 131 10 129
9 131 11 133
10 125 15 126
10 92 11 92
11 106 12 109
11 106 17 104
11 141 11 144
11 141 15 142
11 156 14 167
11 156 17 150
11 73 11 76
11 73 18 70
11 92 17 90
12 109 15 112
12 5 15 8
15 11 15 8
15 11 17 20
15 112 15 116
15 116 15 121
15 121 15 126
15 126 15 130
15 142 15 145
15 145 15 147
15 147 17 150
15 30 17 32
15 47 17 49
15 64 18 70
17 20 25 21
17 32 18 38
17 49 18 55
17 85 17 87
17 87 17 90
17 87 25 87
18 38 25 37
18 55 25 54
18 70 25 74
25 100 25 99
25 100 26 102
25 104 25 105
25 104 26 102
25 105 25 108
25 108 25 109
25 109 25 110
25 11 25 12
25 11 25 6
25 11 32 10
25 110 25 115
25 12 25 14
25 14 25 17
25 17 25 21
25 21 25 25
25 25 25 28
25 28 25 35
25 35 25 37
25 37 25 40
25 52 26 53
25 54 25 60
25 54 26 53
25 60 25 62
25 62 28 65
25 74 25 75
25 74 28 70
25 75 25 78
25 78 25 79
25 79 26 81
25 83 25 84
25 83 26 81
25 84 25 87
25 87 25 88
25 88 25 89
25 89 25 94
25 94 25 96
25 96 25 99
28 123 28 127
28 123 34 121
28 127 28 131
28 131 28 135
28 135 28 141
28 141 28 145
28 141 31 142
28 145 28 150
28 150 32 153
28 156 32 156
28 160 32 160
28 65 28 68
28 68 28 70
28 68 34 67
32 10 38 11
32 153 33 154
32 156 33 154
32 156 33 158
32 160 33 158
33 158 38 159
34 117 34 121
34 117 40 115
34 52 34 56
34 52 38 53
34 56 34 64
34 64 34 67
34 67 38 65
35 128 35 132
35 132 38 131
35 132 38 135
38 11 40 14
38 11 40 6
38 135 38 141
38 141 38 145
38 145 38 150
38 150 38 155
38 155 38 159
38 159 42 167
38 24 40 25
38 36 40 37
38 53 40 54
38 65 38 68
38 68 38 70
38 70 40 75
40 105 40 108
40 105 41 103
40 108 41 109
40 115 41 109
40 14 48 10
40 25 48 27
40 37 41 43
40 54 48 54
40 75 40 78
40 78 41 82
40 84 40 87
40 84 41 82
40 87 41 88
40 94 40 96
40 94 41 88
40 96 40 99
40 99 41 103
41 109 48 107
41 43 48 44
41 82 48 80
41 88 48 90
42 167 54 167
48 10 48 17
48 10 51 7
48 105 48 106
48 106 48 107
48 107 48 108
48 132 48 133
48 133 49 135
48 137 48 138
48 137 49 135
48 138 48 141
48 141 48 142
48 142 48 143
48 143 48 148
48 148 48 150
48 150 48 153
48 150 56 152
48 17 48 18
48 18 49 20
48 22 48 23
48 22 49 20
48 23 48 26
48 26 48 27
48 27 48 28
48 28 48 33
48 33 48 35
48 35 48 38
48 38 48 39
48 39 49 41
48 43 48 44
48 43 49 41
48 44 48 47
48 47 48 48
48 48 48 49
48 49 48 54
48 54 48 56
48 79 48 80
48 90 48 91
48 91 48 93
48 93 49 94
51 7 56 9
54 0 57 5
55 124 57 124
56 152 57 152
56 9 57 5
56 9 57 9
57 124 63 132
57 152 63 150
57 58 63 56
57 9 62 10
62 10 63 17
62 10 71 9
63 105 63 107
63 105 71 103
63 107 64 108
63 132 64 136
63 138 63 141
63 138 64 136
63 141 64 142
63 148 63 150
63 148 64 142
63 150 71 157
63 17 64 21
63 23 63 26
63 23 64 21
63 26 64 27
63 33 63 35
63 33 64 27
63 35 63 38
63 38 64 42
63 44 63 47
63 44 64 42
63 47 64 48
63 54 63 56
63 54 64 48
63 79 64 78
64 142 71 141
64 42 71 40
64 78 71 80
64 89 64 95
64 95 71 96
70 167 74 162
71 101 71 103
71 101 71 96
71 103 74 107
71 126 71 127
71 126 74 125
71 127 74 131
71 141 74 138
71 157 74 162
71 25 71 28
71 28 71 29
71 28 80 31
71 29 71 35
71 35 71 37
71 37 71 39
71 39 71 40
71 40 74 45
71 64 71 65
71 64 74 60
71 65 72 67
71 69 71 70
71 69 72 67
71 70 71 73
71 73 71 74
71 74 71 75
71 75 71 80
71 80 71 82
71 82 71 85
71 85 71 86
71 86 72 88
71 9 74 6
71 90 71 91
71 90 72 88
71 91 71 94
71 94 71 95
71 95 71 96
74 107 74 111
74 107 80 105
74 111 74 115
74 115 74 119
74 119 74 125
74 131 74 133
74 133 74 136
74 133 80 132
74 136 74 138
74 162 80 160
74 45 74 50
74 45 77 42
74 50 78 53
74 56 78 56
74 6 80 5
74 60 78 60
78 53 79 54
78 56 79 54
78 56 79 58
78 60 79 58
79 54 84 55
80 129 80 132
80 132 80 135
80 132 84 133
80 147 86 141
80 15 86 9
80 160 87 157
80 31 86 29
80 5 84 6
81 112 81 116
81 116 84 115
81 116 84 119
84 119 84 125
84 125 86 127
84 133 84 136
84 133 86 127
84 136 84 138
84 138 86 141
84 45 84 50
84 45 86 40
84 50 84 55
84 50 99 51
84 55 84 59
84 59 86 64
84 6 86 9
86 101 86 103
86 101 87 95
86 103 99 102
86 29 87 25
86 40 99 34
86 64 87 68
86 70 86 73
86 70 87 68
86 73 87 74
86 80 86 82
86 80 87 74
86 82 86 85
86 85 87 89
86 91 86 94
86 91 87 89
86 94 87 95
87 25 99 17
87 68 99 68
87 89 99 85
99 102 99 104
