395
0 15 0 22
0 15 0 8
0 22 0 29
0 29 2 31
0 42 0 43
0 42 2 38
0 43 0 44
0 44 0 45
0 45 0 46
0 46 0 47
0 46 2 45
0 47 0 48
0 48 0 49
0 49 0 50
0 49 2 49
0 50 0 51
0 51 2 51
0 8 5 8
0 81 2 76
2 31 2 32
2 32 2 38
2 38 2 39
2 45 2 46
2 51 2 53
2 53 2 55
2 55 2 58
2 58 2 60
2 58 5 59
2 60 2 62
2 62 2 63
2 63 2 65
2 65 2 67
2 67 2 70
2 70 2 72
2 72 2 74
2 74 2 76
2 76 5 80
5 59 8 56
5 8 11 10
5 80 5 84
5 80 8 77
8 56 9 49
8 56 9 57
8 77 11 78
9 57 10 57
9 70 11 67
10 57 11 57
11 10 15 8
11 57 12 56
11 67 17 65
11 78 12 77
12 5 15 8
12 56 15 56
12 77 15 77
15 56 17 63
17 31 18 30
17 31 18 38
17 39 17 45
17 39 18 38
17 45 18 46
17 63 17 64
17 64 17 65
17 65 18 67
18 38 25 38
18 67 25 68
25 10 25 16
25 16 25 17
25 16 28 15
25 17 25 19
25 19 25 21
25 21 25 24
25 24 28 25
25 37 25 38
25 38 26 39
25 42 25 44
25 42 26 39
25 44 28 45
25 54 25 56
25 56 25 58
25 56 28 55
25 58 28 59
25 68 25 69
25 68 28 63
25 69 25 70
25 83 25 89
25 83 28 80
28 15 34 13
28 25 33 24
28 42 28 45
28 45 28 49
28 45 32 46
28 49 33 53
28 55 32 53
28 59 28 63
28 59 32 60
28 75 28 80
28 75 32 72
32 46 33 44
32 46 33 46
32 53 33 53
32 60 33 58
32 60 33 60
32 72 33 72
33 24 34 24
33 41 33 44
33 41 34 41
33 44 34 44
33 46 34 46
33 53 34 53
33 58 34 58
33 60 34 60
33 72 34 72
34 21 34 24
34 24 34 26
34 24 38 25
34 46 35 46
34 60 35 60
34 72 35 72
34 79 38 80
35 46 38 45
35 60 38 59
35 60 38 63
35 72 38 75
38 25 41 21
38 42 38 45
38 42 41 39
38 45 38 49
38 49 41 48
38 63 41 62
38 75 41 74
38 80 40 83
38 80 41 77
40 17 40 18
40 17 41 10
40 18 40 19
40 19 41 21
40 68 41 65
40 68 41 69
41 10 48 11
41 36 41 39
41 47 41 48
41 48 41 50
41 50 41 51
41 61 41 62
41 62 41 64
41 64 41 65
41 69 41 73
41 73 41 74
41 74 41 76
41 76 41 77
41 77 48 75
48 11 51 11
48 15 48 17
48 17 48 19
48 17 51 16
48 19 48 21
48 21 48 23
48 21 51 20
48 23 48 25
48 25 48 28
48 25 51 24
48 28 48 30
48 28 51 29
48 30 48 32
48 32 48 34
48 34 48 36
48 34 51 33
48 36 48 38
48 38 48 40
48 38 51 37
48 40 48 41
48 41 48 43
48 43 48 45
48 45 48 47
48 47 48 50
48 50 48 51
48 51 48 52
48 52 48 53
48 53 48 56
48 56 48 59
48 59 48 60
48 59 51 58
48 60 48 62
48 62 48 64
48 64 48 66
48 66 48 69
48 69 48 72
48 72 48 73
48 72 51 71
48 73 48 75
48 75 48 77
51 11 51 13
51 11 51 8
51 13 51 16
51 16 55 14
51 29 55 27
51 56 51 58
51 56 56 55
51 69 51 71
51 69 56 68
51 82 57 80
55 14 56 14
55 27 56 27
56 10 56 14
56 10 57 10
56 14 57 14
56 27 57 27
56 55 57 55
56 68 57 64
56 68 57 68
57 14 61 13
57 45 63 43
57 55 61 56
57 68 61 69
57 77 57 80
57 77 63 75
57 80 60 89
58 5 61 0
58 5 61 8
60 89 61 89
61 11 61 13
61 11 61 8
61 56 61 58
61 56 63 52
61 58 63 60
61 69 61 71
61 71 63 73
61 8 71 6
61 89 62 89
63 41 63 42
63 42 63 43
63 43 63 50
63 50 63 51
63 51 63 52
63 52 63 53
63 60 63 61
63 61 63 62
63 73 63 74
63 74 63 75
63 75 64 77
64 77 71 73
71 21 71 22
71 22 72 23
71 36 71 37
71 37 72 38
71 46 71 48
71 46 74 43
71 48 71 51
71 48 74 47
71 51 71 53
71 53 71 56
71 53 74 52
71 56 71 58
71 56 74 56
71 58 71 60
71 6 80 10
71 60 71 61
71 61 71 64
71 61 74 61
71 64 71 65
71 64 74 65
71 72 71 73
71 72 74 68
71 73 71 74
72 23 80 25
72 38 74 41
74 41 74 43
74 43 78 45
74 52 78 50
74 65 74 68
74 65 78 65
74 83 81 80
77 58 78 58
78 45 79 45
78 50 79 50
78 58 79 55
78 58 79 59
78 61 79 59
78 61 79 63
78 65 79 63
78 65 80 67
78 71 80 67
78 71 80 75
79 45 80 45
79 50 80 50
79 55 80 55
79 59 80 58
80 10 86 6
80 25 87 23
80 40 84 41
80 45 84 43
80 55 84 56
80 58 84 60
80 67 84 68
80 75 81 80
81 80 84 83
84 41 84 43
84 41 87 38
84 64 84 68
87 20 87 23
87 20 94 19
87 35 87 38
87 35 97 32
94 19 97 20
94 45 94 46
94 45 97 40
94 46 94 48
94 48 94 50
94 50 94 55
94 55 94 57
94 57 94 59
94 59 94 61
94 61 94 63
94 63 94 65
94 65 94 67
94 67 94 69
94 69 94 71
94 71 94 73
94 73 94 76
94 76 94 78
94 76 97 77
94 78 97 83
97 11 97 15
97 11 97 7
97 11 101 12
97 20 97 24
97 20 101 21
97 24 100 28
97 32 100 28
97 32 100 34
97 40 101 42
97 7 103 5
97 77 101 75
100 28 101 28
100 34 101 34
100 42 101 42
101 12 102 12
101 21 102 19
101 21 102 21
101 28 102 28
101 34 102 34
101 42 102 42
101 75 102 75
102 12 103 12
102 19 103 19
102 21 103 21
102 28 103 28
102 34 103 35
102 42 103 43
102 75 103 74
102 75 103 75
102 75 104 80
103 12 104 12
103 21 104 21
103 28 104 28
103 43 103 50
103 5 108 0
103 50 109 48
103 59 109 57
103 66 103 67
103 67 103 74
103 67 107 66
103 74 107 74
104 12 107 15
104 21 107 20
104 21 107 24
104 80 107 83
107 15 110 16
107 20 110 17
107 24 110 23
107 83 108 89
109 46 109 47
109 46 110 42
109 47 109 48
109 48 110 50
109 55 109 57
109 55 110 50
110 13 110 14
110 14 110 16
110 16 110 17
110 22 110 23
110 23 110 25
110 25 110 26
110 26 110 29
110 29 110 30
110 30 110 32
110 32 110 33
110 33 110 34
110 34 110 37
110 37 110 38
110 38 110 40
110 40 110 41
110 41 110 42
110 42 122 45
