10;24;4
10;23;11
10;23;6
10;20;10
10;29;9
10;23;7
10;24;10
10;24;8
10;24;6
10;22;8
10;25;10
10;22;9
10;22;10
10;24;13
10;24;10
10;27;6
10;26;7
10;26;8
10;25;7
10;31;7
10;30;8
10;25;9
10;23;6
10;26;10
10;26;7
10;25;6
10;31;8
10;25;8
10;26;10
10;24;11
10;26;10
10;24;8
10;25;8
10;21;7
10;25;10
10;23;8
10;20;11
10;32;5
10;29;7
10;23;9
10;25;9
10;24;9
10;25;9
10;23;7
10;26;7
10;25;9
10;32;6
10;24;5
10;25;10
10;23;8
10;23;5
10;25;6
10;33;6
10;24;8
10;25;9
10;23;9
10;23;6
10;24;7
10;24;6
10;24;6
10;30;7
10;30;7
10;24;8
10;27;9
10;25;9
10;22;8
10;21;8
10;30;10
10;24;8
10;25;10
10;28;8
10;28;6
10;27;6
10;20;11
10;32;5
10;22;7
10;28;12
10;26;7
10;26;7
10;31;7
10;36;4
10;26;7
10;26;11
10;23;7
10;30;10
10;21;8
10;26;8
10;24;11
10;21;11
10;25;12
10;41;5
10;22;7
10;25;6
10;26;8
10;27;6
10;26;8
10;25;10
10;21;8
10;26;8
10;28;7
20;70;21
20;75;32
20;71;25
20;70;21
20;73;21
20;66;21
20;74;20
20;74;25
20;65;22
20;77;21
20;76;21
20;68;35
20;82;23
20;76;25
20;64;23
20;68;20
20;66;21
20;72;19
20;67;22
20;92;23
20;68;24
20;77;20
20;69;18
20;73;23
20;81;16
20;67;24
20;62;24
20;72;21
20;82;18
20;61;24
20;91;17
20;79;16
20;70;20
20;85;16
20;71;22
20;75;19
20;73;26
20;69;23
20;67;22
20;63;15
20;69;22
20;72;23
20;67;25
20;65;23
20;79;21
20;81;20
20;74;22
20;66;22
20;67;22
20;66;26
20;72;22
20;68;19
20;70;19
20;66;22
20;65;21
20;79;18
20;75;28
20;72;23
20;68;21
20;72;17
20;68;26
20;86;21
20;60;19
20;65;27
20;60;24
20;72;19
20;63;29
20;74;22
20;75;27
20;63;24
20;64;18
20;88;15
20;72;22
20;59;24
20;72;18
20;68;24
20;79;18
20;68;20
20;72;28
20;71;25
20;66;24
20;64;22
20;68;24
20;86;16
20;72;25
20;69;21
20;70;24
20;68;22
20;71;25
20;69;23
20;71;23
20;70;22
20;71;23
20;60;28
20;75;26
20;73;20
20;67;21
20;69;20
20;64;21
20;74;22
30;127;52
30;119;38
30;117;36
30;126;38
30;124;32
30;129;27
30;122;36
30;114;39
30;125;47
30;119;42
30;139;48
30;117;37
30;127;39
30;112;32
30;145;31
30;124;49
30;122;40
30;130;52
30;116;54
30;118;41
30;137;31
30;118;37
30;120;40
30;109;38
30;124;32
30;133;32
30;118;44
30;114;36
30;183;31
30;116;38
30;171;31
30;125;32
30;118;41
30;123;36
30;118;46
30;136;40
30;128;32
30;119;34
30;124;42
30;116;40
30;116;34
30;150;36
30;130;34
30;114;36
30;121;37
30;125;49
30;138;46
30;143;29
30;128;42
30;120;34
30;119;31
30;120;50
30;115;38
30;125;42
30;118;38
30;121;38
30;120;42
30;155;33
30;125;39
30;115;40
30;129;39
30;112;46
30;149;33
30;145;36
30;125;54
30;138;34
30;124;40
30;148;30
30;135;33
30;110;47
30;117;42
30;142;53
30;119;44
30;119;34
30;136;43
30;144;35
30;129;34
30;158;37
30;130;38
30;123;42
30;114;37
30;118;41
30;133;41
30;118;38
30;141;43
30;138;43
30;124;50
30;115;44
30;121;38
30;122;33
30;123;34
30;111;46
30;112;54
30;138;35
30;126;41
30;125;55
30;119;46
30;128;39
30;118;44
30;132;40
40;177;60
40;186;65
40;187;89
40;186;58
40;190;54
40;189;46
40;193;48
40;178;63
40;175;56
40;174;41
40;162;63
40;177;55
40;180;56
40;215;50
40;184;71
40;173;69
40;181;62
40;177;66
40;173;51
40;176;60
40;189;72
40;182;55
40;178;61
40;162;59
40;178;54
40;182;59
40;174;63
40;166;71
40;180;61
40;175;55
40;179;67
40;192;54
40;175;63
40;186;57
40;202;58
40;189;52
40;163;55
40;174;49
40;181;60
40;196;59
40;188;56
40;167;68
40;192;53
40;176;74
40;209;45
40;237;53
40;174;59
40;182;53
40;208;55
40;201;48
40;172;75
40;180;71
40;208;53
40;174;51
40;181;54
40;170;51
40;212;41
40;189;72
40;170;71
40;172;66
40;182;51
40;194;46
40;173;62
40;184;89
40;217;55
40;214;70
40;208;61
40;165;55
40;167;59
40;185;50
40;172;64
40;195;51
40;173;68
40;178;46
40;192;58
40;176;66
40;192;76
40;176;59
40;206;50
40;202;63
40;187;51
40;168;56
40;197;59
40;155;60
40;181;51
40;213;52
40;167;66
40;173;79
40;177;52
40;186;52
40;240;45
40;178;81
40;174;64
40;185;70
40;209;60
40;226;52
40;166;60
40;209;49
40;195;56
40;174;45
50;237;107
50;216;89
50;247;73
50;243;93
50;265;89
50;243;84
50;269;72
50;248;77
50;286;72
50;239;61
50;240;94
50;242;77
50;238;72
50;265;86
50;273;73
50;240;73
50;328;77
50;290;70
50;257;64
50;261;70
50;249;92
50;225;74
50;267;82
50;275;86
50;257;86
50;236;86
50;252;61
50;236;72
50;238;102
50;244;86
50;269;72
50;264;74
50;221;89
50;254;82
50;280;66
50;245;70
50;247;74
50;270;69
50;221;89
50;233;82
50;250;103
50;240;77
50;261;68
50;232;81
50;231;77
50;250;101
50;296;59
50;249;110
50;247;76
50;250;88
50;247;84
50;260;97
50;296;77
50;278;90
50;229;70
50;222;77
50;234;67
50;235;76
50;242;66
50;273;68
50;267;78
50;260;79
50;262;67
50;238;70
50;249;76
50;237;77
50;232;94
50;370;64
50;258;82
50;246;65
50;243;75
50;226;103
50;275;66
50;279;65
50;232;96
50;273;79
50;237;89
50;237;71
50;241;81
50;277;62
50;275;62
50;267;72
50;308;65
50;244;73
50;270;66
50;239;82
50;279;73
50;237;84
50;234;73
50;237;80
50;258;71
50;230;82
50;249;73
50;224;88
50;274;73
50;312;79
50;239;75
50;247;100
50;303;68
50;256;86
60;376;120
60;311;84
60;305;100
60;356;100
60;337;116
60;306;100
60;324;89
60;336;94
60;334;95
60;309;99
60;325;85
60;353;89
60;307;88
60;358;90
60;334;110
60;300;109
60;319;102
60;309;84
60;318;100
60;298;98
60;322;90
60;362;88
60;310;92
60;309;119
60;320;107
60;296;111
60;297;112
60;325;112
60;345;74
60;330;86
60;342;100
60;287;96
60;326;87
60;302;119
60;299;99
60;353;100
60;321;136
60;312;84
60;336;101
60;325;83
60;353;90
60;305;87
60;381;82
60;360;93
60;304;138
60;332;98
60;323;88
60;304;97
60;337;89
60;389;88
60;301;107
60;317;101
60;417;94
60;291;85
60;350;89
60;330;87
60;297;102
60;337;97
60;318;98
60;352;91
60;345;87
60;335;92
60;338;142
60;319;96
60;298;102
60;331;110
60;342;99
60;292;102
60;347;80
60;323;103
60;394;112
60;321;112
60;303;101
60;332;112
60;336;100
60;305;103
60;310;89
60;295;104
60;397;84
60;326;89
60;330;85
60;297;99
60;367;88
60;307;108
60;291;101
60;302;126
60;333;111
60;326;109
60;343;118
60;351;86
60;373;119
60;362;111
60;300;98
60;325;115
60;306;118
60;320;112
60;343;100
60;352;106
60;344;88
60;308;96
70;372;109
70;360;118
70;445;105
70;415;156
70;384;111
70;390;114
70;416;107
70;365;129
70;384;108
70;377;115
70;355;109
70;391;123
70;371;116
70;418;112
70;409;171
70;398;137
70;376;131
70;423;98
70;356;133
70;401;113
70;388;106
70;380;110
70;376;109
70;381;134
70;382;140
70;348;113
70;402;120
70;396;116
70;379;126
70;378;153
70;351;124
70;415;112
70;380;102
70;377;113
70;415;106
70;410;150
70;396;116
70;382;129
70;399;105
70;402;135
70;404;162
70;395;113
70;411;128
70;382;116
70;349;122
70;384;118
70;390;136
70;390;108
70;402;112
70;381;117
70;420;95
70;352;130
70;478;114
70;451;106
70;435;158
70;430;111
70;351;124
70;439;119
70;379;136
70;416;101
70;380;128
70;375;115
70;353;142
70;403;111
70;353;145
70;387;116
70;418;119
70;400;109
70;413;136
70;400;107
70;418;156
70;463;127
70;376;129
70;360;124
70;379;136
70;391;120
70;364;124
70;375;98
70;362;150
70;381;120
70;402;115
70;388;138
70;357;135
70;366;119
70;344;120
70;400;139
70;400;120
70;404;108
70;386;144
70;399;121
70;358;125
70;393;111
70;419;134
70;386;134
70;391;119
70;350;126
70;381;102
70;436;135
70;387;138
70;405;116
80;448;134
80;471;126
80;453;120
80;445;141
80;455;168
80;445;147
80;468;140
80;501;170
80;468;138
80;458;144
80;547;123
80;425;160
80;495;209
80;435;150
80;548;138
80;459;169
80;462;137
80;516;194
80;456;133
80;520;122
80;490;146
80;499;172
80;528;134
80;463;137
80;453;130
80;433;147
80;415;144
80;484;200
80;461;153
80;424;154
80;462;162
80;427;146
80;534;139
80;427;147
80;442;138
80;454;144
80;428;168
80;457;144
80;449;120
80;444;131
80;447;161
80;475;195
80;428;136
80;516;187
80;457;140
80;495;145
80;464;170
80;432;142
80;505;185
80;502;131
80;474;134
80;430;137
80;477;137
80;454;121
80;491;142
80;468;148
80;490;144
80;495;180
80;515;121
80;449;158
80;450;169
80;496;150
80;469;123
80;435;150
80;528;112
80;482;132
80;484;200
80;452;170
80;506;137
80;440;154
80;497;147
80;447;132
80;465;127
80;458;167
80;490;130
80;445;156
80;524;123
80;542;115
80;528;125
80;452;141
80;467;170
80;474;131
80;499;118
80;478;136
80;460;174
80;472;142
80;564;160
80;484;136
80;435;135
80;445;146
80;516;136
80;461;139
80;451;143
80;513;188
80;462;151
80;475;154
80;424;132
80;438;134
80;480;206
80;463;132
90;552;162
90;556;153
90;550;136
90;542;221
90;517;170
90;549;186
90;506;163
90;576;160
90;627;140
90;536;185
90;553;186
90;530;190
90;569;220
90;502;155
90;519;194
90;621;133
90;522;156
90;621;141
90;509;223
90;616;160
90;539;171
90;494;168
90;538;186
90;536;209
90;542;182
90;551;152
90;559;146
90;484;165
90;570;151
90;527;165
90;595;164
90;535;153
90;602;175
90;578;154
90;509;196
90;484;178
90;495;195
90;558;180
90;575;145
90;639;174
90;511;171
90;604;216
90;503;156
90;511;141
90;557;154
90;539;168
90;558;144
90;538;168
90;542;154
90;546;155
90;553;148
90;679;165
90;571;145
90;540;154
90;559;180
90;519;170
90;558;157
90;591;149
90;535;192
90;584;168
90;546;163
90;546;153
90;562;164
90;546;162
90;526;170
90;511;162
90;532;171
90;600;196
90;520;158
90;535;165
90;516;170
90;587;210
90;535;223
90;557;168
90;510;158
90;525;170
90;541;180
90;544;155
90;549;159
90;502;160
90;526;172
90;551;149
90;564;150
90;644;186
90;535;172
90;518;215
90;542;157
90;539;149
90;549;200
90;650;132
90;524;194
90;565;158
90;552;169
90;524;174
90;544;177
90;519;196
90;523;187
90;589;153
90;509;174
90;528;172
100;627;185
100;594;259
100;583;207
100;614;204
100;577;182
100;669;168
100;613;264
100;576;183
100;619;204
100;617;193
100;637;187
100;569;181
100;587;198
100;609;207
100;599;183
100;596;193
100;751;192
100;572;214
100;667;200
100;569;204
100;627;223
100;613;187
100;631;170
100;603;170
100;636;177
100;562;186
100;576;194
100;669;158
100;623;189
100;670;188
100;616;237
100;743;266
100;625;172
100;639;183
100;623;218
100;635;223
100;568;184
100;593;195
100;581;206
100;590;203
100;671;187
100;658;202
100;605;256
100;633;228
100;585;202
100;608;166
100;652;198
100;628;210
100;615;231
100;682;174
100;613;184
100;610;171
100;631;219
100;689;173
100;635;168
100;600;175
100;628;184
100;651;174
100;596;240
100;632;198
100;599;198
100;590;223
100;580;201
100;617;222
100;640;172
100;643;191
100;622;194
100;661;172
100;605;213
100;588;201
100;584;192
100;621;213
100;657;200
100;735;178
100;600;168
100;655;188
100;588;217
100;592;188
100;702;179
100;563;196
100;618;170
100;640;175
100;672;184
100;658;176
100;613;188
100;614;181
100;579;231
100;640;199
100;584;212
100;622;197
100;622;163
100;635;164
100;695;170
100;635;181
100;598;187
100;566;180
100;758;173
100;572;184
100;605;192
100;643;172
110;669;238
110;784;257
110;689;315
110;800;285
110;654;246
110;717;225
110;795;175
110;663;250
110;740;189
110;709;224
110;723;204
110;731;242
110;811;216
110;748;194
110;663;193
110;667;231
110;712;180
110;717;249
110;776;246
110;663;219
110;681;219
110;700;238
110;660;234
110;739;218
110;781;271
110;671;231
110;684;192
110;652;237
110;816;210
110;669;202
110;762;206
110;797;208
110;668;227
110;888;188
110;787;225
110;706;229
110;679;189
110;647;196
110;758;208
110;666;225
110;693;216
110;705;219
110;773;222
110;779;255
110;732;197
110;706;201
110;667;256
110;736;195
110;664;199
110;695;236
110;785;214
110;717;193
110;808;220
110;681;194
110;641;225
110;722;253
110;751;292
110;700;232
110;696;190
110;818;228
110;716;180
110;652;250
110;812;214
110;807;197
110;716;201
110;742;210
110;678;224
110;757;198
110;681;206
110;656;191
110;710;219
110;775;214
110;777;186
110;735;226
110;754;313
110;740;194
110;653;220
110;661;220
110;690;236
110;672;220
110;714;264
110;654;248
110;689;204
110;774;274
110;679;280
110;742;196
110;657;222
110;679;195
110;696;269
110;803;209
110;706;182
110;726;212
110;762;241
110;738;253
110;737;204
110;771;202
110;718;212
110;696;220
110;634;199
110;686;202
120;741;266
120;723;270
120;756;341
120;773;222
120;795;259
120;892;221
120;857;211
120;773;215
120;880;222
120;772;268
120;888;236
120;885;230
120;758;218
120;795;234
120;814;237
120;757;215
120;700;257
120;776;222
120;765;249
120;761;229
120;775;238
120;816;224
120;919;214
120;841;213
120;840;222
120;823;244
120;793;267
120;742;239
120;782;298
120;845;214
120;864;262
120;803;311
120;715;227
120;787;246
120;850;219
120;753;270
120;795;244
120;774;299
120;781;230
120;862;248
120;794;205
120;863;299
120;761;261
120;797;218
120;768;258
120;769;235
120;838;221
120;823;224
120;768;258
120;764;242
120;733;259
120;885;267
120;827;395
120;735;271
120;759;250
120;740;227
120;744;260
120;810;229
120;720;240
120;752;256
120;792;269
120;746;234
120;909;221
120;809;215
120;818;273
120;854;188
120;828;259
120;763;292
120;849;244
120;756;254
120;804;225
120;841;240
120;795;215
120;805;199
120;777;233
120;892;255
120;746;298
120;751;258
120;786;309
120;729;238
120;810;304
120;836;262
120;786;223
120;759;244
120;763;250
120;767;218
120;738;278
120;734;266
120;854;189
120;809;220
120;793;288
120;717;258
120;826;236
120;911;239
120;782;281
120;742;270
120;798;230
120;877;223
120;843;243
120;883;284
130;859;318
130;822;288
130;884;269
130;887;251
130;856;238
130;844;267
130;827;286
130;834;262
130;809;262
130;820;325
130;859;248
130;907;281
130;860;300
130;919;270
130;818;267
130;784;268
130;937;240
130;897;237
130;899;251
130;851;318
130;951;230
130;795;284
130;821;282
130;854;279
130;894;245
130;904;246
130;803;304
130;917;219
130;861;363
130;911;218
130;913;254
130;922;333
130;916;255
130;870;253
130;840;272
130;826;263
130;829;270
130;885;280
130;796;273
130;893;284
130;1032;203
130;865;304
130;808;271
130;847;293
130;915;274
130;830;261
130;845;248
130;857;244
130;848;281
130;951;232
130;864;311
130;925;282
130;955;289
130;846;284
130;995;318
130;818;247
130;881;312
130;819;316
130;822;294
130;934;292
130;859;264
130;858;296
130;896;263
130;861;269
130;989;278
130;831;299
130;860;269
130;841;230
130;792;278
130;856;245
130;845;241
130;894;270
130;909;316
130;860;252
130;815;262
130;881;369
130;845;212
130;845;302
130;853;253
130;995;270
130;1012;268
130;854;269
130;818;260
130;889;298
130;900;223
130;878;292
130;857;275
130;974;239
130;824;345
130;902;237
130;880;290
130;905;274
130;853;252
130;910;264
130;853;304
130;897;255
130;842;304
130;871;288
130;826;290
130;879;242
140;926;311
140;872;301
140;905;360
140;962;354
140;1064;264
140;945;273
140;902;280
140;962;278
140;910;304
140;953;386
140;962;265
140;1032;290
140;1067;347
140;984;244
140;1052;297
140;966;287
140;1000;390
140;933;268
140;1109;286
140;880;258
140;981;257
140;911;312
140;980;312
140;968;277
140;945;282
140;1124;328
140;979;274
140;968;295
140;892;274
140;875;278
140;961;263
140;929;350
140;946;308
140;1002;354
140;1022;290
140;919;353
140;1010;259
140;890;286
140;896;271
140;977;388
140;916;264
140;947;372
140;934;300
140;861;342
140;888;353
140;1012;295
140;1081;272
140;933;289
140;947;267
140;908;329
140;884;300
140;877;291
140;920;302
140;1007;392
140;946;275
140;969;330
140;944;286
140;984;353
140;968;310
140;1036;320
140;1040;250
140;892;317
140;959;258
140;885;303
140;909;291
140;884;332
140;920;297
140;901;295
140;976;242
140;1019;349
140;1152;239
140;925;384
140;890;303
140;950;313
140;1023;266
140;917;408
140;961;352
140;921;268
140;959;283
140;970;318
140;959;344
140;919;297
140;940;353
140;917;279
140;1013;296
140;926;282
140;914;280
140;983;270
140;915;356
140;969;264
140;901;320
140;1055;317
140;937;337
140;900;304
140;994;425
140;898;314
140;893;324
140;939;344
140;1012;300
140;957;429
150;1057;307
150;1111;263
150;1074;313
150;995;284
150;1177;350
150;995;314
150;959;372
150;1026;316
150;983;340
150;1038;313
150;1196;271
150;1107;274
150;1051;306
150;956;370
150;1089;366
150;1040;386
150;1011;313
150;1019;281
150;1005;414
150;1065;332
150;984;340
150;1076;297
150;938;326
150;1248;260
150;1133;299
150;1198;283
150;1008;335
150;1057;354
150;963;316
150;1011;339
150;1016;339
150;1167;299
150;985;343
150;1079;300
150;1193;381
150;981;326
150;1000;342
150;1013;432
150;1028;431
150;1051;457
150;1057;313
150;1114;347
150;967;286
150;990;360
150;1048;318
150;1211;264
150;1038;312
150;1024;335
150;977;374
150;1001;281
150;1016;319
150;1051;309
150;1217;362
150;1068;368
150;969;333
150;1061;426
150;1014;296
150;947;341
150;1140;324
150;979;293
150;984;314
150;1232;305
150;1082;350
150;1093;295
150;1062;332
150;1069;285
150;1126;427
150;1129;347
150;1273;276
150;1047;288
150;1009;315
150;1010;380
150;983;372
150;1028;288
150;1156;368
150;1063;316
150;1075;370
150;1159;347
150;1163;291
150;1024;389
150;1291;312
150;1023;362
150;988;289
150;985;274
150;1018;319
150;1152;288
150;944;323
150;1071;379
150;957;334
150;1012;312
150;1101;313
150;1022;283
150;981;354
150;964;368
150;1044;292
150;1065;330
150;1130;301
150;993;328
150;1028;319
150;1099;325
160;1180;376
160;1120;322
160;1074;422
160;1130;327
160;1186;293
160;1032;351
160;1094;289
160;1108;403
160;1153;337
160;1130;427
160;1130;309
160;1108;308
160;1067;372
160;1101;396
160;1054;332
160;1042;370
160;1114;369
160;1109;361
160;1114;355
160;1174;344
160;1168;420
160;1201;358
160;1088;358
160;1048;314
160;1355;309
160;1303;327
160;1164;345
160;1061;368
160;1085;334
160;1083;323
160;1200;332
160;1085;328
160;1072;328
160;1171;304
160;1116;308
160;1060;347
160;1134;333
160;1059;340
160;1340;333
160;1085;357
160;1119;348
160;1103;369
160;1175;311
160;1066;334
160;1103;447
160;1057;356
160;1207;470
160;1109;328
160;1110;329
160;1206;320
160;1076;310
160;1173;332
160;1083;404
160;1018;336
160;1350;290
160;1212;328
160;1099;394
160;1213;329
160;1059;366
160;1176;434
160;1219;299
160;1047;372
160;1152;464
160;1137;355
160;1123;289
160;1114;372
160;1143;343
160;1083;333
160;1030;353
160;1150;333
160;1287;300
160;1129;316
160;1120;423
160;1222;356
160;1060;371
160;1122;373
160;1029;331
160;1118;321
160;1160;377
160;1083;346
160;1137;387
160;1066;364
160;1221;381
160;1225;362
160;1129;349
160;1074;385
160;1069;356
160;1041;406
160;1131;408
160;1316;324
160;1018;333
160;1126;442
160;1103;355
160;1098;322
160;1091;416
160;1023;385
160;1241;334
160;1145;408
160;1122;368
160;1134;342
170;1229;388
170;1235;385
170;1160;338
170;1298;369
170;1212;433
170;1163;378
170;1138;403
170;1184;358
170;1379;387
170;1208;440
170;1258;336
170;1314;369
170;1211;348
170;1163;358
170;1124;372
170;1294;350
170;1181;420
170;1281;380
170;1129;396
170;1200;533
170;1157;362
170;1239;355
170;1211;334
170;1186;379
170;1217;395
170;1298;350
170;1232;395
170;1162;374
170;1226;391
170;1344;382
170;1174;355
170;1189;469
170;1241;343
170;1250;372
170;1220;404
170;1251;344
170;1316;350
170;1252;396
170;1213;377
170;1214;357
170;1302;339
170;1229;309
170;1252;352
170;1193;346
170;1250;424
170;1204;411
170;1266;518
170;1251;378
170;1327;352
170;1174;444
170;1266;351
170;1255;445
170;1191;344
170;1307;358
170;1174;483
170;1376;352
170;1162;434
170;1247;380
170;1222;332
170;1197;349
170;1139;367
170;1219;366
170;1392;408
170;1163;465
170;1192;390
170;1167;321
170;1218;367
170;1299;459
170;1274;323
170;1331;365
170;1190;372
170;1194;380
170;1408;358
170;1250;411
170;1146;383
170;1199;453
170;1363;316
170;1080;396
170;1337;313
170;1177;337
170;1176;392
170;1184;390
170;1169;319
170;1216;366
170;1200;436
170;1334;458
170;1171;396
170;1187;432
170;1187;361
170;1149;357
170;1202;354
170;1196;430
170;1201;328
170;1132;366
170;1214;391
170;1241;309
170;1346;313
170;1221;428
170;1131;351
170;1166;352
180;1287;418
180;1321;378
180;1211;349
180;1273;453
180;1330;387
180;1300;337
180;1342;478
180;1252;406
180;1307;394
180;1236;474
180;1375;416
180;1255;354
180;1500;365
180;1497;470
180;1273;435
180;1278;367
180;1289;480
180;1239;393
180;1393;351
180;1264;469
180;1368;430
180;1267;489
180;1270;418
180;1214;418
180;1220;424
180;1236;438
180;1377;424
180;1228;369
180;1308;478
180;1371;528
180;1264;562
180;1407;357
180;1363;450
180;1366;344
180;1308;442
180;1394;388
180;1377;358
180;1276;359
180;1475;360
180;1314;402
180;1251;374
180;1307;376
180;1214;416
180;1386;465
180;1383;364
180;1446;336
180;1240;496
180;1203;405
180;1318;419
180;1344;433
180;1386;391
180;1371;354
180;1215;439
180;1765;334
180;1266;428
180;1417;431
180;1223;434
180;1356;378
180;1244;365
180;1500;327
180;1257;425
180;1286;408
180;1219;367
180;1309;531
180;1214;391
180;1374;382
180;1250;481
180;1278;391
180;1201;425
180;1271;453
180;1351;427
180;1373;398
180;1391;504
180;1306;500
180;1332;340
180;1231;426
180;1287;418
180;1283;448
180;1333;422
180;1398;340
180;1233;373
180;1299;403
180;1274;372
180;1227;430
180;1480;364
180;1227;403
180;1496;387
180;1260;383
180;1248;419
180;1401;371
180;1358;371
180;1440;347
180;1340;416
180;1262;372
180;1301;369
180;1258;444
180;1269;353
180;1234;446
180;1267;346
180;1233;427
190;1409;381
190;1298;496
190;1432;487
190;1448;418
190;1298;474
190;1312;436
190;1331;392
190;1361;414
190;1329;442
190;1417;422
190;1434;388
190;1474;395
190;1393;527
190;1374;423
190;1663;402
190;1385;422
190;1462;574
190;1434;394
190;1306;393
190;1362;470
190;1296;423
190;1627;341
190;1378;461
190;1392;451
190;1316;484
190;1504;484
190;1373;402
190;1339;461
190;1324;505
190;1274;437
190;1381;416
190;1309;397
190;1324;413
190;1328;402
190;1602;372
190;1359;473
190;1422;541
190;1476;519
190;1325;485
190;1558;380
190;1331;396
190;1360;375
190;1420;445
190;1489;513
190;1366;468
190;1354;368
190;1404;462
190;1451;341
190;1334;422
190;1277;470
190;1470;472
190;1290;401
190;1476;450
190;1426;439
190;1334;455
190;1415;440
190;1327;445
190;1445;463
190;1386;373
190;1395;363
190;1470;393
190;1374;446
190;1475;653
190;1445;438
190;1357;493
190;1399;424
190;1310;519
190;1499;496
190;1368;488
190;1324;478
190;1382;402
190;1435;404
190;1430;387
190;1310;394
190;1353;381
190;1380;406
190;1498;442
190;1292;434
190;1280;453
190;1486;387
190;1382;363
190;1301;522
190;1378;448
190;1310;388
190;1325;446
190;1490;433
190;1357;376
190;1465;459
190;1384;455
190;1279;420
190;1380;498
190;1348;474
190;1484;393
190;1264;488
190;1422;383
190;1443;491
190;1341;488
190;1378;448
190;1431;489
190;1341;436
200;1512;431
200;1688;423
200;1472;459
200;1621;402
200;1533;413
200;1483;465
200;1411;460
200;1660;534
200;1466;469
200;1366;463
200;1530;460
200;1385;426
200;1620;504
200;1509;492
200;1459;463
200;1437;529
200;1469;450
200;1445;402
200;1475;460
200;1407;421
200;1688;473
200;1471;445
200;1366;560
200;1512;414
200;1581;463
200;1349;478
200;1557;441
200;1589;431
200;1383;415
200;1506;424
200;1639;452
200;1490;405
200;1503;455
200;1563;402
200;1502;567
200;1420;499
200;1455;496
200;1509;636
200;1604;428
200;1483;463
200;1629;386
200;1546;522
200;1413;428
200;1440;464
200;1632;445
200;1382;451
200;1437;440
200;1462;468
200;1467;474
200;1411;557
200;1481;474
200;1547;405
200;1634;493
200;1424;457
200;1489;394
200;1491;463
200;1508;448
200;1432;412
200;1489;560
200;1506;493
200;1510;467
200;1418;457
200;1507;437
200;1545;498
200;1495;518
200;1414;438
200;1536;402
200;1643;402
200;1471;590
200;1382;583
200;1548;437
200;1415;462
200;1463;500
200;1396;519
200;1471;459
200;1467;445
200;1431;415
200;1444;500
200;1478;449
200;1765;549
200;1574;499
200;1496;448
200;1649;436
200;1623;401
200;1568;546
200;1431;511
200;1538;428
200;1425;514
200;1534;630
200;1398;561
200;1557;446
200;1567;442
200;1482;480
200;1457;441
200;1418;500
200;1506;412
200;1384;445
200;1529;615
200;1524;408
200;1459;525
1000;10268;3246
1000;11213;3005
1000;10181;3562
1000;9856;3531
1000;9940;3328
1000;10311;3130
1000;10271;3395
1000;10637;3276
1000;11049;3483
1000;10230;2988
1000;11078;3654
1000;11017;3180
1000;10467;3946
1000;10833;2961
1000;10632;3088
1000;9738;3423
1000;9863;3445
1000;10005;3492
1000;9873;2999
1000;10709;2914
1000;10056;3298
1000;10192;4020
1000;10162;3018
1000;10141;2936
1000;10131;3087
1000;10160;3356
1000;10714;2704
1000;10006;3100
1000;11786;3112
1000;9983;3400
1000;10249;2869
1000;9721;3334
1000;11207;3238
1000;10015;3353
1000;10540;3459
1000;10754;3424
1000;10848;3608
1000;9677;2992
1000;10069;3043
1000;10304;2911
1000;11004;3197
1000;10580;3246
1000;10174;3407
1000;10268;3170
1000;10109;3466
1000;9903;3096
1000;10424;3380
1000;9827;2855
1000;9876;3038
1000;12562;2911
1000;10415;3447
1000;10563;2938
1000;10100;2776
1000;10265;3424
1000;9806;3169
1000;10655;2784
1000;10810;3227
1000;11268;3208
1000;10309;3239
1000;10515;2992
1000;10387;4080
1000;10101;3015
1000;9956;3693
1000;10872;3772
1000;10479;3388
1000;10172;3247
1000;10548;3164
1000;9675;3585
1000;10617;3350
1000;10086;3915
1000;10440;3136
1000;9958;3475
1000;10446;3409
1000;9828;3039
1000;10130;3216
1000;10088;2999
1000;10375;4036
1000;10860;2681
1000;9981;3247
1000;10427;3146
1000;9601;3090
1000;9788;3187
1000;10338;3301
1000;10241;3184
1000;10875;3347
1000;10540;3433
1000;10225;2981
1000;10780;3404
1000;10361;4106
1000;9989;3003
1000;10596;3281
1000;9824;3178
1000;11359;3228
1000;10726;3064
1000;11180;2905
1000;9898;3415
1000;10079;3382
1000;10707;3217
1000;9782;3384
1000;10467;3573
2000;23672;7528
2000;23263;6498
2000;23807;8335
2000;24180;6793
2000;23826;7589
2000;23538;7930
2000;23474;7660
2000;24445;6655
2000;23170;7262
2000;22787;7090
2000;24646;7064
2000;22992;7858
2000;22408;7401
2000;22625;7788
2000;24114;6967
2000;22071;7394
2000;23816;7262
2000;23035;6964
2000;21981;6976
2000;25324;6519
2000;21847;6790
2000;25076;7252
2000;22195;8111
2000;24239;6614
2000;22707;7114
2000;23898;6746
2000;22956;7738
2000;23330;7578
2000;22112;7457
2000;23050;8488
2000;23278;7030
2000;23693;7632
2000;22260;8375
2000;22827;7279
2000;23632;7388
2000;21868;7496
2000;23110;7377
2000;22583;6981
2000;24955;6697
2000;22397;7202
2000;24332;6474
2000;22969;7492
2000;22029;7130
2000;23716;7351
2000;22206;6928
2000;23419;7150
2000;22646;8123
2000;23813;7225
2000;22719;7279
2000;24311;6746
2000;22924;7035
2000;23497;6925
2000;24438;7343
2000;24081;7447
2000;25158;6849
2000;22704;7010
2000;25731;7406
2000;22814;7370
2000;23237;7221
2000;22253;8434
2000;23866;6828
2000;22154;7195
2000;23561;7937
2000;23342;8294
2000;25160;6828
2000;23712;7516
2000;27550;7295
2000;23415;7698
2000;22901;6790
2000;23660;7399
2000;24263;6537
2000;23167;7590
2000;23089;8791
2000;23304;8694
2000;23932;7026
2000;22561;6574
2000;23125;8325
2000;24249;8172
2000;23556;6442
2000;23522;9005
2000;24359;7089
2000;23660;6873
2000;24341;6294
2000;21845;7088
2000;23326;7328
2000;22490;7577
2000;22319;7969
2000;23508;7948
2000;24896;6627
2000;23909;7836
2000;23654;6547
2000;25576;7050
2000;22897;6690
2000;22734;8104
2000;23051;6416
2000;23946;6372
2000;22630;8519
2000;22405;7079
2000;23720;7173
2000;24483;8014
3000;36949;11604
3000;37740;11618
3000;45039;10865
3000;35503;10625
3000;36678;12421
3000;37464;11677
3000;36182;12240
3000;36710;11720
3000;39482;10211
3000;35494;11636
3000;37021;11234
3000;36798;12934
3000;35915;11548
3000;36458;11991
3000;39944;11128
3000;37013;10976
3000;37885;12277
3000;37384;12099
3000;36087;11399
3000;36722;12516
3000;34864;11226
3000;36039;11441
3000;35271;11858
3000;35815;12148
3000;36645;11366
3000;38791;11137
3000;37369;12479
3000;36893;11585
3000;36554;11409
3000;35765;11011
3000;37631;11198
3000;39550;10614
3000;39605;12364
3000;37984;10523
3000;38298;12320
3000;35199;10810
3000;37173;11206
3000;38118;10414
3000;36700;10998
3000;41142;10188
3000;38993;11890
3000;35520;12837
3000;39525;9716
3000;37625;14572
3000;36104;11263
3000;37451;12224
3000;37439;13502
3000;37315;11941
3000;39007;11250
3000;37151;11566
3000;37379;12969
3000;36928;11134
3000;36516;11263
3000;38479;11364
3000;38418;10545
3000;35843;11144
3000;37112;12543
3000;35488;11604
3000;36664;11904
3000;37635;12114
3000;36940;10665
3000;37015;11049
3000;37943;11112
3000;36927;12829
3000;37845;10967
3000;37355;12181
3000;38906;14340
3000;36180;13165
3000;36420;10554
3000;37702;11718
3000;36701;11895
3000;37275;13182
3000;36784;12753
3000;36046;12430
3000;38687;11487
3000;36601;11733
3000;36486;11380
3000;35922;11400
3000;37476;11380
3000;35528;11864
3000;39985;11158
3000;40232;12896
3000;39946;12404
3000;37725;14523
3000;37223;11550
3000;36715;11749
3000;35481;11559
3000;36801;10576
3000;38034;11655
3000;35902;10630
3000;36113;11171
3000;37966;14456
3000;35228;11937
3000;37152;12682
3000;37233;11168
3000;39105;10857
3000;36615;11114
3000;43110;10278
3000;35814;11032
3000;40027;10476
4000;56131;16614
4000;51627;16075
4000;51605;15771
4000;52894;17705
4000;54060;14962
4000;50552;16076
4000;49761;16462
4000;52031;15848
4000;56575;14337
4000;50691;17700
4000;51724;18121
4000;52024;16839
4000;53217;15539
4000;57910;16380
4000;51588;16934
4000;52273;15513
4000;52749;15909
4000;50802;16206
4000;49992;15881
4000;50864;17101
4000;52225;16523
4000;51449;17600
4000;51166;16624
4000;52788;15273
4000;50745;16251
4000;50500;17794
4000;51698;16803
4000;49316;16086
4000;50213;14718
4000;51189;17934
4000;53322;16499
4000;52567;16184
4000;51033;15583
4000;49233;15648
4000;49510;16452
4000;54488;16300
4000;52039;18632
4000;49239;14937
4000;49195;16881
4000;49700;16186
4000;54663;16825
4000;52794;14676
4000;49691;15872
4000;51549;16006
4000;51076;15130
4000;51997;16326
4000;53694;16630
4000;52680;17078
4000;51780;15782
4000;51978;16340
4000;50546;17628
4000;51638;17983
4000;50685;15724
4000;50011;16233
4000;49639;17366
4000;57266;18252
4000;52791;16247
4000;49736;15938
4000;51569;15996
4000;51388;17549
4000;49616;16791
4000;50801;19512
4000;50204;16742
4000;49806;16720
4000;53498;16190
4000;53410;16531
4000;50437;16190
4000;50436;17624
4000;49977;16587
4000;50180;17655
4000;49778;16605
4000;51395;18293
4000;52696;18049
4000;49850;16315
4000;51223;15406
4000;53167;17055
4000;49282;16931
4000;51513;15262
4000;49525;16633
4000;54150;15994
4000;59815;15003
4000;49406;15340
4000;49144;15440
4000;51175;18136
4000;50501;18073
4000;50414;17819
4000;52712;15426
4000;53249;14764
4000;51683;15838
4000;50556;16359
4000;51570;15833
4000;50681;14572
4000;49653;16515
4000;51113;17825
4000;53633;16395
4000;49898;15766
4000;51190;15019
4000;49836;14799
4000;49510;16557
4000;52841;18315
5000;66610;20821
5000;68577;25152
5000;70694;20026
5000;65620;20886
5000;67252;21163
5000;65605;22492
5000;65920;19652
5000;66581;19784
5000;63615;20680
5000;63962;22337
5000;62727;21668
5000;67137;19461
5000;65498;24253
5000;67309;21026
5000;71944;20607
5000;65838;20791
5000;66764;20448
5000;63939;22906
5000;63751;21394
5000;68736;21614
5000;67192;20565
5000;62842;21675
5000;62490;20874
5000;64398;19349
5000;67558;19718
5000;72506;19092
5000;66467;21772
5000;62885;21862
5000;74075;22496
5000;66124;21699
5000;65496;20194
5000;65211;20797
5000;65242;21012
5000;65256;19752
5000;64554;20416
5000;69414;21538
5000;66328;20163
5000;66198;22847
5000;66852;22182
5000;70247;22646
5000;67356;21493
5000;63491;22298
5000;67199;20050
5000;65915;20545
5000;65809;22839
5000;69945;20457
5000;70347;23867
5000;66718;19701
5000;67725;21689
5000;66310;19450
5000;67237;20639
5000;64663;22631
5000;66162;22119
5000;65892;19486
5000;64484;21923
5000;65144;21735
5000;65484;24516
5000;67195;27004
5000;68212;22234
5000;64437;22140
5000;65037;20698
5000;63161;20946
5000;63886;21392
5000;69039;19973
5000;69828;20817
5000;65999;19863
5000;65695;20395
5000;66145;19867
5000;70504;24036
5000;66906;22802
5000;66587;19007
5000;64309;20571
5000;67664;20534
5000;64763;20921
5000;73062;21880
5000;62790;22157
5000;64133;23312
5000;70965;19507
5000;66553;22468
5000;66705;19930
5000;65372;20010
5000;70551;19812
5000;69339;19437
5000;67099;21298
5000;65613;22595
5000;70416;19547
5000;64542;20318
5000;66426;19244
5000;66815;21704
5000;66461;19590
5000;65226;19801
5000;68522;20310
5000;72490;19096
5000;66510;22877
5000;64107;19841
5000;66613;19954
5000;66029;20878
5000;68564;20168
5000;65148;20355
5000;68418;20396
6000;85678;26006
6000;80301;30367
6000;81631;22568
6000;80175;27623
6000;80975;25913
6000;79928;27558
6000;81824;23710
6000;81344;25831
6000;81363;28169
6000;79093;25097
6000;82748;25091
6000;78374;25706
6000;85945;26512
6000;80648;25208
6000;84374;31274
6000;79317;24647
6000;82745;27898
6000;82597;29208
6000;79990;26361
6000;81561;24308
6000;86566;29203
6000;82559;27801
6000;79097;26811
6000;81686;25345
6000;79772;27792
6000;83416;26288
6000;79085;25336
6000;82605;24808
6000;81674;25970
6000;81082;24916
6000;81594;26132
6000;81377;28559
6000;81688;27532
6000;95875;24492
6000;81985;23234
6000;82214;28061
6000;81836;30068
6000;78254;25621
6000;79472;23499
6000;78522;26484
6000;82818;25177
6000;79963;29702
6000;89029;28230
6000;80127;27989
6000;82013;25452
6000;85682;25074
6000;84072;30590
6000;81260;27006
6000;79039;24969
6000;81549;28523
6000;80850;23683
6000;83938;23116
6000;79571;27368
6000;80036;27876
6000;82448;28131
6000;82859;25522
6000;81112;25707
6000;90018;28912
6000;80410;25769
6000;78805;23894
6000;80278;25355
6000;87870;25048
6000;80997;27902
6000;81729;27856
6000;79509;25680
6000;83227;25739
6000;79691;26532
6000;77975;25885
6000;79709;25301
6000;78201;24280
6000;81664;24573
6000;82310;26563
6000;82935;26205
6000;81816;26624
6000;79037;23421
6000;79478;27104
6000;80897;23772
6000;79926;27478
6000;86435;29699
6000;79080;25738
6000;84571;24552
6000;78952;28855
6000;78434;27658
6000;81961;26586
6000;80181;24560
6000;86662;25914
6000;81129;24784
6000;87766;27125
6000;85740;24288
6000;80734;25463
6000;78302;25473
6000;82313;27629
6000;79824;25081
6000;83114;25509
6000;87858;23253
6000;77845;29101
6000;83553;27162
6000;83400;27034
6000;81186;23801
6000;82496;23638
7000;91822;29089
7000;103321;29498
7000;94831;29646
7000;94079;30203
7000;94134;31779
7000;93882;29029
7000;101084;31795
7000;103688;31288
7000;97733;31558
7000;91820;30203
7000;97059;32910
7000;96877;32882
7000;97955;32528
7000;100104;28650
7000;93468;30828
7000;106532;29703
7000;95221;31768
7000;96372;27684
7000;93485;31006
7000;92053;31842
7000;98952;30638
7000;105645;31115
7000;96031;30524
7000;98097;29805
7000;99272;33304
7000;98591;31398
7000;95568;29855
7000;95219;30661
7000;94789;27920
7000;90623;28956
7000;106313;30645
7000;96573;28272
7000;93141;31762
7000;100772;30268
7000;94010;31004
7000;101488;39456
7000;93744;34418
7000;98256;31884
7000;93855;28320
7000;95575;30072
7000;103548;28757
7000;99107;29390
7000;97424;32850
7000;97627;32422
7000;94826;31313
7000;103428;31762
7000;98604;30125
7000;98192;30934
7000;97607;32627
7000;97405;30313
7000;97816;30544
7000;104707;29568
7000;97105;33101
7000;95682;29165
7000;97176;30499
7000;99644;29541
7000;93759;33144
7000;94036;31750
7000;99432;38181
7000;96190;33188
7000;94222;32140
7000;100737;28967
7000;97063;31604
7000;98384;32205
7000;104313;30271
7000;96223;31536
7000;97683;32267
7000;92259;29872
7000;98021;33274
7000;98221;36582
7000;102747;30788
7000;95280;32556
7000;95271;35697
7000;94605;28528
7000;103986;30106
7000;100702;32799
7000;94765;33184
7000;93956;32641
7000;95211;31259
7000;104835;30285
7000;96175;31275
7000;96357;30931
7000;97306;28661
7000;97816;31923
7000;97331;30133
7000;95231;32300
7000;98942;33001
7000;96301;28382
7000;96664;32830
7000;94651;31346
7000;101705;32100
7000;102640;31338
7000;102621;31081
7000;100440;32762
7000;98741;29681
7000;101592;29332
7000;101289;32199
7000;97982;31397
7000;97841;30445
7000;93725;30716
8000;110246;40405
8000;112034;38661
8000;110046;36263
8000;112793;36213
8000;110355;35396
8000;116924;38922
8000;107032;36792
8000;109066;36608
8000;114172;33217
8000;118633;36786
8000;114836;38069
8000;112817;35806
8000;111696;39619
8000;116583;39142
8000;109868;37122
8000;112934;36181
8000;115501;33946
8000;115878;31218
8000;113161;37982
8000;114940;35973
8000;117041;36849
8000;113230;37302
8000;112182;35140
8000;109515;35563
8000;109979;34069
8000;113658;38471
8000;111085;34627
8000;116734;38313
8000;110611;32528
8000;109531;35476
8000;108788;34590
8000;109834;33896
8000;109784;38232
8000;110216;36478
8000;115730;39438
8000;112583;36018
8000;114274;36120
8000;112952;36294
8000;124998;35981
8000;113077;37851
8000;116424;34263
8000;114241;33681
8000;110865;35787
8000;109567;32779
8000;108387;40186
8000;112475;35062
8000;113369;36992
8000;125830;42654
8000;113794;34216
8000;113966;36426
8000;112560;35984
8000;123423;36902
8000;111094;41121
8000;115006;33294
8000;115063;33939
8000;114296;35399
8000;113759;35567
8000;120253;33273
8000;118070;38568
8000;114878;37829
8000;116661;32988
8000;107520;35182
8000;120137;35075
8000;123193;45065
8000;109373;33803
8000;114102;35090
8000;111178;35522
8000;110830;33455
8000;117741;35315
8000;113371;36211
8000;112749;35421
8000;114063;40054
8000;115320;32582
8000;114036;34483
8000;117297;41066
8000;122344;33459
8000;116757;41851
8000;115370;31925
8000;117006;34092
8000;116501;34860
8000;111454;33916
8000;112504;33676
8000;111334;36090
8000;112913;33275
8000;112759;37063
8000;111818;34496
8000;110879;37394
8000;112893;39208
8000;112057;36170
8000;115006;39708
8000;116010;33447
8000;109480;34600
8000;117240;33726
8000;113335;35209
8000;112281;34408
8000;119221;34772
8000;112118;35212
8000;112419;35004
8000;108057;33573
8000;110955;36143
9000;127185;43226
9000;135180;37659
9000;137367;36602
9000;123610;38808
9000;125751;42722
9000;126911;38303
9000;125849;39252
9000;137980;36392
9000;136194;39652
9000;133554;38608
9000;129908;38740
9000;123735;41718
9000;135518;41439
9000;147424;49568
9000;127547;39761
9000;138785;43468
9000;138837;38010
9000;128272;44118
9000;127669;37324
9000;126993;37312
9000;131496;44156
9000;125742;38163
9000;135930;40461
9000;136647;39812
9000;131987;38357
9000;126994;39592
9000;127091;40243
9000;125758;44011
9000;127458;40056
9000;126674;41690
9000;128819;39123
9000;125826;40184
9000;135685;40580
9000;144505;40723
9000;132740;39455
9000;137490;37502
9000;127511;37475
9000;130800;40365
9000;129431;40679
9000;129360;40808
9000;131974;41628
9000;128964;42333
9000;126510;39865
9000;129104;42934
9000;128805;40176
9000;126094;45300
9000;132804;43366
9000;130276;42951
9000;128177;39825
9000;131551;40215
9000;132251;42707
9000;127011;41621
9000;124832;41384
9000;127173;41613
9000;125105;43507
9000;133055;50546
9000;125004;39755
9000;124403;37876
9000;132132;38886
9000;130238;39748
9000;132383;36510
9000;127666;42776
9000;129382;43417
9000;128853;43523
9000;125482;42606
9000;125107;45344
9000;126560;40803
9000;134402;42287
9000;127099;50054
9000;133264;40965
9000;128910;43034
9000;127620;45487
9000;124138;41546
9000;142006;35994
9000;129212;39632
9000;128395;39317
9000;133667;37760
9000;125320;41359
9000;126174;39298
9000;132837;41555
9000;123757;43652
9000;129803;40672
9000;124320;39243
9000;125428;37500
9000;135040;40798
9000;138841;46252
9000;125328;39473
9000;135656;46138
9000;130788;39064
9000;132109;42465
9000;129496;40434
9000;125211;42159
9000;127133;39688
9000;134114;37870
9000;136019;39641
9000;124768;37474
9000;127331;40605
9000;126193;44524
9000;126012;40112
9000;125702;41037
10000;142367;48408
10000;143895;45319
10000;146220;47451
10000;141336;47436
10000;144031;44933
10000;150775;50019
10000;146955;46214
10000;149108;53381
10000;147775;43502
10000;141880;42907
10000;142520;48743
10000;144069;45205
10000;153379;52649
10000;152885;49844
10000;145184;53052
10000;146432;48397
10000;143411;47338
10000;144690;46922
10000;145345;45283
10000;151376;47582
10000;146244;41859
10000;144104;45688
10000;148170;49639
10000;146840;47210
10000;142279;47074
10000;147083;47219
10000;145569;45215
10000;141387;44167
10000;148015;44854
10000;145906;43983
10000;145350;45222
10000;151659;48041
10000;147605;46256
10000;149609;56721
10000;144266;50948
10000;148549;46610
10000;154748;46358
10000;143314;44544
10000;141249;46518
10000;148226;49347
10000;143542;43866
10000;145767;43404
10000;141149;47302
10000;142683;46978
10000;155656;47133
10000;145810;43837
10000;144085;46293
10000;147483;45497
10000;146312;51344
10000;139355;47178
10000;139845;52553
10000;146633;47606
10000;144311;49191
10000;145566;49446
10000;145658;45133
10000;153089;41261
10000;145547;51078
10000;150746;45496
10000;143579;45639
10000;150157;42964
10000;163642;42463
10000;151142;58482
10000;141709;46403
10000;145870;45036
10000;146818;48924
10000;142275;44889
10000;158617;47652
10000;147951;44026
10000;153102;45146
10000;142549;42745
10000;144358;49600
10000;146372;50742
10000;140308;48020
10000;143652;46901
10000;143165;44882
10000;143316;49716
10000;140606;46788
10000;170218;47802
10000;143591;46106
10000;150903;51067
10000;151496;46750
10000;140555;49955
10000;154669;53497
10000;145095;47316
10000;150340;41608
10000;145954;43281
10000;145273;45301
10000;141229;44103
10000;153787;55940
10000;140958;45916
10000;149846;43009
10000;146230;45793
10000;149539;43001
10000;139627;47308
10000;147804;43984
10000;150484;47271
10000;143236;42785
10000;147185;50634
10000;141655;49360
10000;147629;47082
11000;156796;49086
11000;157782;51782
11000;173153;59733
11000;167997;54987
11000;156571;48678
11000;155679;51196
11000;164608;51368
11000;164546;48939
11000;161531;54430
11000;158526;53449
11000;168597;50184
11000;167983;51158
11000;169882;48720
11000;159079;52426
11000;167801;48520
11000;163104;50589
11000;163113;50611
11000;162796;47210
11000;164760;49586
11000;162235;50390
11000;161608;52772
11000;169325;52966
11000;162304;55645
11000;165929;48902
11000;165655;46593
11000;163689;47408
11000;156789;56742
11000;180755;50186
11000;156264;52809
11000;156077;50871
11000;164324;48090
11000;166037;49450
11000;158662;53640
11000;162091;50600
11000;159344;50204
11000;167182;52718
11000;171688;59487
11000;169293;54124
11000;157423;50926
11000;164014;55642
11000;163529;50270
11000;161340;49220
11000;156298;47258
11000;157092;48521
11000;160425;53818
11000;158345;49464
11000;164710;48781
11000;160525;53515
11000;160695;57240
11000;159529;52661
11000;165336;51721
11000;176172;51962
11000;175881;58296
11000;158958;50912
11000;163650;47898
11000;162270;46669
11000;170756;48291
11000;166415;54424
11000;161952;50750
11000;163117;58156
11000;159535;51363
11000;158078;55080
11000;162926;49367
11000;169342;47465
11000;166144;48610
11000;171931;50965
11000;172271;50975
11000;159287;50247
11000;162413;48000
11000;158455;49666
11000;160372;52884
11000;162167;49242
11000;159832;51222
11000;164079;48581
11000;160696;49049
11000;167348;49467
11000;153331;49589
11000;157314;48519
11000;156687;53413
11000;156168;51192
11000;163502;46536
11000;166862;58724
11000;161133;52526
11000;159953;51046
11000;165301;52268
11000;156395;57267
11000;161750;48537
11000;157275;55158
11000;158647;50713
11000;158786;50876
11000;163351;46542
11000;161257;49233
11000;167715;50193
11000;156821;52156
11000;174079;50804
11000;162006;49946
11000;156026;48538
11000;162441;49238
11000;164947;49551
11000;166566;48799
12000;178232;60770
12000;170628;58703
12000;187161;52346
12000;180565;60968
12000;177209;58675
12000;176243;56282
12000;175911;54936
12000;174245;55609
12000;172404;54953
12000;183722;65549
12000;184941;51688
12000;172023;57576
12000;182250;54274
12000;175298;52479
12000;175550;56319
12000;176603;59906
12000;176690;61062
12000;179371;60044
12000;175130;53034
12000;172950;56318
12000;180982;54951
12000;170536;57268
12000;176003;53731
12000;178858;53795
12000;190469;51704
12000;178082;53287
12000;180089;54249
12000;176136;55797
12000;172045;61768
12000;174838;57925
12000;191426;51696
12000;176463;58140
12000;180203;55801
12000;177359;62070
12000;176380;59106
12000;180807;55603
12000;173621;55920
12000;191163;53131
12000;193900;62093
12000;186719;52698
12000;175555;54548
12000;183967;62631
12000;182838;55988
12000;175436;54882
12000;179790;59082
12000;179100;62756
12000;172649;62642
12000;172926;60954
12000;175203;54649
12000;179905;63165
12000;176781;64534
12000;179677;56106
12000;175628;55725
12000;173321;57660
12000;179430;66536
12000;186863;61145
12000;175907;54204
12000;181073;50127
12000;179060;58306
12000;182670;60336
12000;186654;55216
12000;180580;68324
12000;188717;62027
12000;177103;62596
12000;186576;56124
12000;176589;55720
12000;180516;58235
12000;175569;62718
12000;184647;54848
12000;199598;62225
12000;176456;55832
12000;190169;54156
12000;172184;58639
12000;180585;60664
12000;181124;52339
12000;182599;62678
12000;179907;52880
12000;173731;62405
12000;181822;56128
12000;180420;65244
12000;185398;56506
12000;174813;59295
12000;177072;59114
12000;174771;59608
12000;174029;64432
12000;191048;58100
12000;170013;58709
12000;176084;56287
12000;179945;56992
12000;168834;56130
12000;183271;60907
12000;176426;64544
12000;173579;53892
12000;173318;53539
12000;177713;57389
12000;181591;55973
12000;184182;52670
12000;176308;59960
12000;190370;53693
12000;174288;62644
13000;202745;58739
13000;186579;61159
13000;196063;59361
13000;191602;65138
13000;189321;61627
13000;202705;69571
13000;211323;68947
13000;190334;62150
13000;190939;67411
13000;195923;56425
13000;190165;59331
13000;196681;64442
13000;201619;61376
13000;218689;63424
13000;208652;57810
13000;190426;58014
13000;203142;62845
13000;194789;60658
13000;205667;58419
13000;201438;62170
13000;202802;62533
13000;188217;65506
13000;200469;54814
13000;208493;60026
13000;192696;60342
13000;192543;58197
13000;196955;59456
13000;197039;64756
13000;198397;57201
13000;200155;59692
13000;201923;61266
13000;196672;70984
13000;189873;65764
13000;201454;59603
13000;191989;66322
13000;202316;67113
13000;200870;63935
13000;204515;59167
13000;196954;64516
13000;190441;58178
13000;207889;65258
13000;191176;59777
13000;200354;61196
13000;189053;64351
13000;192196;60398
13000;202365;66912
13000;197225;61254
13000;199039;64016
13000;215372;55738
13000;196067;60101
13000;199925;63256
13000;191121;58372
13000;193699;62754
13000;200428;61630
13000;192266;60141
13000;190188;58302
13000;199037;66413
13000;198207;60752
13000;195140;61796
13000;207507;61031
13000;190342;62216
13000;188443;59531
13000;206182;67636
13000;193256;62197
13000;200055;58746
13000;190417;59797
13000;206868;71796
13000;196697;63730
13000;192396;60479
13000;194556;59564
13000;193079;57703
13000;192449;62042
13000;195086;58600
13000;192106;60830
13000;191599;63982
13000;195115;55587
13000;198129;60203
13000;195867;59693
13000;191453;62028
13000;204676;72157
13000;209991;61409
13000;196832;64890
13000;190593;62038
13000;189193;60083
13000;190551;64577
13000;197851;70066
13000;192414;61308
13000;212076;58363
13000;206400;66952
13000;189592;65571
13000;198874;63384
13000;191827;58342
13000;190869;67781
13000;192243;65492
13000;196785;62704
13000;190876;62157
13000;200689;60398
13000;191914;59437
13000;189072;65813
13000;193460;63135
14000;210102;72884
14000;215487;66223
14000;215386;70672
14000;222761;70555
14000;213631;59785
14000;227608;70013
14000;205021;60802
14000;215467;70859
14000;204914;67946
14000;211296;66314
14000;212941;64742
14000;217492;65508
14000;207164;74171
14000;201774;64498
14000;213347;63761
14000;216529;68738
14000;212881;68064
14000;206160;66559
14000;212871;64989
14000;219766;66169
14000;215462;67956
14000;204535;67684
14000;210406;72724
14000;225207;66420
14000;207471;69411
14000;207569;65486
14000;216886;73237
14000;208553;64791
14000;221381;62140
14000;210147;76292
14000;204765;71353
14000;208630;76517
14000;212289;63682
14000;207549;65726
14000;210333;77865
14000;210133;66800
14000;205063;69606
14000;204728;66278
14000;211198;66515
14000;214823;65686
14000;217738;74979
14000;200724;64974
14000;205948;67509
14000;205324;66134
14000;206274;69396
14000;210303;66886
14000;221153;62763
14000;212474;66693
14000;209728;67371
14000;210513;63252
14000;212583;75461
14000;208383;70193
14000;215749;70736
14000;209750;66591
14000;220185;66795
14000;208304;67443
14000;211333;68783
14000;209422;65275
14000;212297;67794
14000;220253;63524
14000;208910;71207
14000;205429;67141
14000;209444;67202
14000;218256;70109
14000;210498;67695
14000;210830;62870
14000;206327;68358
14000;207012;67899
14000;213901;70631
14000;207761;64053
14000;214900;62736
14000;228707;61490
14000;218194;64133
14000;213852;76356
14000;209684;69892
14000;209403;63492
14000;207166;62910
14000;215156;70295
14000;218987;60920
14000;208597;65093
14000;214427;72419
14000;221357;67654
14000;207229;65094
14000;208596;66451
14000;209602;65799
14000;216067;65870
14000;207304;70984
14000;206116;67137
14000;207459;66974
14000;221380;61588
14000;239000;58629
14000;225169;75156
14000;213139;67439
14000;208358;66732
14000;210433;68191
14000;213191;67341
14000;223163;69211
14000;210728;69438
14000;208334;63947
14000;217597;67607
15000;224552;70096
15000;225693;70228
15000;250656;69035
15000;228954;77494
15000;244867;78400
15000;229439;81993
15000;230273;71468
15000;223911;74402
15000;230978;76142
15000;223516;72090
15000;240199;73228
15000;221340;71048
15000;227734;79746
15000;223973;68811
15000;224475;72009
15000;228812;67461
15000;227368;76792
15000;222405;74727
15000;240184;71951
15000;225650;73528
15000;239367;65014
15000;249121;74128
15000;243936;72479
15000;232916;72080
15000;222053;74440
15000;243686;73418
15000;228056;74164
15000;220287;80062
15000;255060;68572
15000;232148;73971
15000;231460;70519
15000;229854;67902
15000;225448;72450
15000;226008;81160
15000;219730;69156
15000;233316;72514
15000;229456;70184
15000;228332;71323
15000;225227;70656
15000;241271;76218
15000;223646;69519
15000;220447;69009
15000;230768;70916
15000;219933;77273
15000;230866;70117
15000;241606;71203
15000;225165;76382
15000;226718;71171
15000;231689;70696
15000;225723;80428
15000;220699;75562
15000;229645;80206
15000;227842;78024
15000;245968;81036
15000;228575;68608
15000;231726;74697
15000;220182;75070
15000;227764;72437
15000;226509;78354
15000;231232;76828
15000;226931;78760
15000;230163;71255
15000;231562;80692
15000;237352;74412
15000;225126;76899
15000;238083;72572
15000;228644;68780
15000;232652;77702
15000;229562;67686
15000;226565;72930
15000;227321;71820
15000;232491;72244
15000;230172;76004
15000;234350;83974
15000;232521;67715
15000;222097;66248
15000;230479;65946
15000;236507;67494
15000;234258;68085
15000;226590;76135
15000;224552;73879
15000;228040;68277
15000;227322;71872
15000;234193;70703
15000;234577;72479
15000;221933;77464
15000;224655;70832
15000;223328;72750
15000;231947;75587
15000;230922;72622
15000;227836;69969
15000;236325;72412
15000;239043;66212
15000;218810;73598
15000;238074;72451
15000;229717;66320
15000;223535;75986
15000;227014;74695
15000;230034;66073
15000;224563;75896
16000;241737;71082
16000;250363;87841
16000;234963;76476
16000;253921;80930
16000;245990;71838
16000;246249;85312
16000;261422;83377
16000;248957;78317
16000;238627;79935
16000;243324;82903
16000;240374;74377
16000;247072;77066
16000;251426;74060
16000;245099;80158
16000;264998;74885
16000;255163;71925
16000;247049;78688
16000;238241;83438
16000;253809;88048
16000;242176;77642
16000;250971;72919
16000;259860;86539
16000;239312;74144
16000;247962;85942
16000;249103;75392
16000;243738;83717
16000;237934;79703
16000;245635;83794
16000;247750;72601
16000;253964;74263
16000;246233;79025
16000;245431;90105
16000;243112;79029
16000;243756;85258
16000;247661;73123
16000;251879;71767
16000;244083;76247
16000;247092;78617
16000;243935;84168
16000;246191;78587
16000;250879;74941
16000;250497;85644
16000;250700;73454
16000;244938;87071
16000;255841;78161
16000;240170;79272
16000;249891;77517
16000;242445;85822
16000;241863;71641
16000;238323;79911
16000;240133;78168
16000;248068;81736
16000;240982;88350
16000;258118;76671
16000;261558;77064
16000;250410;73685
16000;244478;78074
16000;250514;79812
16000;248861;75529
16000;254939;72358
16000;242604;77066
16000;238554;82574
16000;241935;79919
16000;255298;80198
16000;243129;82782
16000;241062;81805
16000;256749;80498
16000;260177;67209
16000;251706;78832
16000;248183;73693
16000;263449;76098
16000;248701;71435
16000;251540;71609
16000;242665;81736
16000;246022;73101
16000;271214;101118
16000;247267;74722
16000;259817;79592
16000;253909;78625
16000;240755;78249
16000;259231;70360
16000;237385;77461
16000;268653;71076
16000;241152;79123
16000;277216;74905
16000;256383;75943
16000;246599;75302
16000;243961;75624
16000;237380;73148
16000;253638;80882
16000;239978;76642
16000;242238;78390
16000;245548;77974
16000;241852;83348
16000;246079;73540
16000;252599;78950
16000;244833;74753
16000;248844;80590
16000;250628;91649
16000;241021;81789
17000;249287;85350
17000;261002;86215
17000;261323;81831
17000;259797;82682
17000;266075;84555
17000;264654;80288
17000;272655;86820
17000;264444;85672
17000;263888;98346
17000;254606;81151
17000;280005;80275
17000;255295;83214
17000;269251;83487
17000;258871;86198
17000;265247;80339
17000;274502;79742
17000;274995;94461
17000;252869;81543
17000;262923;80702
17000;283951;87085
17000;267965;86819
17000;262464;86412
17000;269215;85306
17000;263743;89294
17000;260778;88155
17000;255692;94846
17000;265477;95381
17000;257691;79227
17000;264445;82574
17000;249715;88221
17000;262591;90081
17000;275102;84561
17000;289269;86533
17000;261271;83649
17000;266790;84066
17000;257002;83103
17000;263807;84034
17000;266991;89337
17000;267497;79074
17000;271336;86366
17000;263065;76404
17000;275363;84650
17000;258668;82623
17000;272752;89049
17000;267729;76206
17000;255213;90660
17000;268274;81676
17000;254794;85706
17000;258511;79458
17000;269972;79075
17000;285428;77257
17000;263557;85828
17000;267887;82893
17000;277280;92035
17000;254285;83552
17000;261304;83339
17000;253510;83164
17000;265596;93102
17000;265237;92392
17000;259423;82765
17000;259235;75542
17000;257838;84718
17000;258585;87565
17000;253564;87304
17000;254585;83397
17000;270024;79746
17000;267675;79497
17000;274298;79565
17000;258258;81096
17000;257540;84663
17000;269709;83264
17000;261490;78926
17000;265161;85461
17000;261786;92674
17000;259351;78837
17000;259956;79004
17000;261707;79686
17000;269763;86624
17000;259834;89680
17000;258111;90970
17000;265766;83746
17000;270648;79602
17000;260059;84655
17000;264127;93193
17000;268353;92528
17000;270101;82466
17000;263988;84765
17000;265885;84148
17000;262743;93806
17000;266406;82726
17000;258174;86805
17000;262146;81190
17000;259011;76728
17000;266982;83100
17000;284064;101828
17000;259622;79292
17000;258850;90684
17000;254780;92100
17000;262184;91336
17000;274588;84443
18000;281335;84349
18000;285001;94199
18000;281583;90586
18000;280769;93650
18000;290125;92299
18000;275723;86322
18000;288133;94414
18000;281784;103566
18000;279615;97055
18000;290499;84550
18000;290704;85197
18000;278273;85513
18000;279732;84200
18000;277107;93605
18000;283161;86234
18000;273700;84598
18000;277403;86178
18000;270986;91335
18000;280637;90912
18000;286950;89580
18000;278022;82332
18000;273416;87916
18000;286598;88326
18000;273754;91655
18000;280723;103094
18000;283579;87333
18000;275222;94173
18000;291405;88462
18000;286673;82642
18000;297132;83148
18000;294412;87180
18000;278847;86593
18000;275429;85070
18000;279011;93092
18000;279563;82248
18000;283490;89992
18000;293738;93484
18000;304288;98838
18000;278182;84448
18000;277485;86093
18000;284828;84774
18000;283975;92747
18000;278443;89334
18000;318351;101429
18000;287230;79648
18000;276992;90025
18000;270316;89130
18000;276468;84724
18000;271607;92307
18000;281604;84604
18000;288214;98121
18000;279538;88738
18000;288901;95540
18000;284816;85723
18000;279307;87490
18000;281063;94256
18000;280777;86975
18000;301936;87684
18000;286512;90898
18000;275391;94150
18000;281244;87124
18000;271393;84216
18000;277564;87723
18000;281757;87876
18000;309214;84301
18000;275360;85881
18000;303628;102085
18000;274652;87524
18000;286334;82183
18000;287599;85742
18000;304077;98494
18000;274145;92292
18000;278885;88804
18000;288473;92003
18000;273554;84443
18000;275406;90652
18000;275617;91520
18000;302601;86705
18000;281323;83614
18000;285653;95096
18000;281540;92816
18000;316282;104700
18000;281497;82078
18000;297007;87822
18000;279593;83847
18000;296141;103251
18000;280300;86073
18000;282462;88097
18000;287299;90374
18000;275491;95627
18000;293899;88780
18000;272783;94688
18000;276089;97151
18000;281368;90062
18000;289690;92626
18000;282252;98707
18000;281892;96440
18000;285654;88424
18000;295686;88365
18000;281262;96945
19000;293959;91770
19000;298582;93696
19000;306852;111709
19000;295484;97032
19000;310101;87061
19000;303354;92166
19000;317759;89702
19000;308947;99020
19000;299610;97421
19000;302584;92596
19000;305358;97465
19000;295692;105631
19000;296453;95940
19000;293275;95391
19000;299702;92726
19000;300845;88087
19000;303860;106627
19000;298633;108199
19000;292771;109534
19000;292966;99579
19000;306016;92861
19000;290811;102028
19000;290610;89118
19000;310829;91792
19000;300196;104703
19000;292144;99181
19000;299637;103156
19000;320281;89916
19000;289791;99463
19000;293576;103434
19000;307494;105581
19000;301097;99269
19000;308813;92123
19000;298855;98441
19000;312276;104345
19000;296517;106957
19000;297256;95323
19000;303793;96014
19000;292441;95142
19000;293170;93237
19000;292030;98359
19000;314059;88349
19000;297001;86849
19000;291628;95138
19000;298084;99049
19000;300388;95666
19000;303347;103597
19000;306687;90064
19000;307143;94420
19000;290551;98059
19000;316210;105001
19000;318732;84425
19000;295985;111328
19000;291989;100200
19000;294227;108570
19000;291951;88008
19000;320760;89670
19000;297888;94374
19000;293238;93116
19000;301152;107094
19000;304108;105309
19000;305673;99179
19000;298308;94348
19000;298817;95974
19000;312626;104684
19000;307931;97805
19000;295137;92094
19000;296111;94712
19000;297772;108558
19000;300587;97925
19000;289843;98841
19000;297423;93162
19000;299018;94386
19000;295987;89379
19000;310577;92343
19000;289435;95389
19000;287248;91116
19000;288226;94800
19000;305629;113164
19000;351802;89080
19000;309071;104407
19000;300799;88135
19000;305813;90417
19000;313385;110792
19000;311815;86710
19000;317836;88818
19000;285323;96499
19000;296539;96564
19000;297982;90614
19000;306064;106387
19000;289222;96133
19000;289760;92864
19000;296078;102300
19000;309138;89020
19000;299152;97216
19000;290999;89409
19000;301592;90975
19000;293929;89651
19000;325033;88549
19000;292839;89435
20000;314055;97420
20000;319170;110786
20000;319953;100056
20000;357795;116792
20000;309939;106819
20000;308023;96032
20000;320736;98986
20000;305709;101044
20000;308777;99925
20000;316855;93688
20000;321564;100880
20000;323161;97456
20000;337334;109482
20000;319892;98409
20000;333753;120720
20000;309611;96988
20000;317609;111063
20000;310311;103758
20000;321241;104856
20000;318605;94600
20000;325690;105426
20000;327860;103575
20000;315954;114375
20000;314859;108182
20000;305680;103752
20000;335274;97357
20000;314080;109029
20000;310205;99962
20000;310764;98167
20000;318118;107348
20000;303945;102870
20000;346658;100260
20000;306662;101969
20000;322548;95994
20000;326878;95562
20000;313763;92937
20000;327505;124678
20000;318967;102330
20000;305226;99854
20000;314926;102678
20000;309813;102927
20000;334879;90298
20000;315123;99590
20000;306046;95551
20000;317945;97955
20000;306837;92148
20000;309892;107476
20000;307730;97184
20000;321047;109137
20000;306937;102469
20000;315649;100619
20000;321833;100708
20000;332010;100956
20000;311356;99038
20000;320763;109021
20000;304636;102392
20000;322896;94741
20000;340910;117097
20000;312477;111221
20000;307579;104981
20000;314255;90697
20000;321457;109309
20000;305867;94912
20000;311112;106038
20000;310926;95520
20000;309218;104777
20000;320014;97694
20000;315234;111061
20000;313426;95868
20000;326351;105439
20000;317687;113238
20000;315097;110349
20000;314122;110583
20000;333032;97051
20000;326818;92638
20000;311877;103085
20000;315570;102730
20000;314009;103902
20000;316445;102050
20000;302835;99573
20000;317926;105642
20000;309515;99759
20000;305382;97604
20000;313304;114600
20000;332641;125053
20000;309116;103510
20000;314884;120510
20000;308722;112881
20000;321114;104714
20000;314683;100226
20000;328479;99808
20000;339712;105030
20000;315483;108988
20000;325734;102616
20000;318446;109431
20000;309833;100948
20000;314830;112198
20000;315523;102394
20000;314300;102613
20000;312146;96093
