n;cover time
100;3644
100;3862
100;3590
100;3406
100;2217
100;5244
100;4474
100;5369
100;3210
100;2893
100;2952
100;5340
100;3300
100;4693
100;1938
100;1979
100;2592
100;3128
100;3676
100;2931
100;1684
100;3517
100;3592
100;2923
100;7219
100;5982
100;4694
100;3832
100;4526
100;2103
100;2082
100;4360
100;1836
100;3104
100;3991
100;1939
100;3268
100;2320
100;4197
100;2026
100;2718
100;3336
100;5891
100;1838
100;5146
100;3166
100;3288
100;2600
100;6236
100;4486
100;4310
100;5254
100;3672
100;4404
100;3730
100;3084
100;3901
100;4276
100;5958
100;2768
100;2566
100;2620
100;3840
100;4344
100;3044
100;2356
100;3160
100;4128
100;3714
100;2338
100;3307
100;4276
100;3774
100;2624
100;3168
100;2512
100;3189
100;2538
100;2060
100;3495
100;4737
100;2692
100;4542
100;3288
100;3625
100;2349
100;3428
100;2132
100;6618
100;3704
100;4384
100;3994
100;4700
100;3962
100;4257
100;9974
100;2700
100;2834
100;3864
100;4534
150;10694
150;8012
150;5568
150;7774
150;4476
150;8475
150;7650
150;5892
150;4152
150;8966
150;6157
150;7366
150;6458
150;6546
150;7163
150;3796
150;4370
150;9324
150;4130
150;7304
150;7484
150;8071
150;6628
150;4752
150;4350
150;7942
150;6056
150;4602
150;5814
150;7118
150;7610
150;5815
150;11228
150;5458
150;4804
150;7070
150;7074
150;6706
150;6142
150;6180
150;9326
150;6148
150;3822
150;7534
150;6966
150;3982
150;7986
150;3841
150;7445
150;11668
150;4466
150;7547
150;9626
150;14266
150;10279
150;4333
150;6464
150;5747
150;6766
150;6330
150;5678
150;6938
150;4120
150;4715
150;4156
150;6407
150;6219
150;3822
150;4423
150;4340
150;6928
150;4669
150;8259
150;8055
150;8440
150;14476
150;4652
150;6015
150;5156
150;9051
150;4490
150;8138
150;7622
150;4248
150;5559
150;6614
150;4171
150;5424
150;6083
150;4706
150;4898
150;7873
150;4800
150;12132
150;5401
150;7885
150;9042
150;4502
150;6767
150;7174
200;16345
200;5852
200;8469
200;16361
200;7414
200;8725
200;11439
200;12909
200;7951
200;7595
200;7417
200;16695
200;8703
200;6491
200;15769
200;19502
200;6596
200;4971
200;7609
200;6621
200;7331
200;9928
200;9673
200;8385
200;9868
200;13619
200;6441
200;6619
200;8909
200;13728
200;6867
200;10791
200;10451
200;10795
200;8301
200;14917
200;12502
200;9017
200;6613
200;8889
200;12239
200;9485
200;9079
200;13601
200;12027
200;14729
200;6257
200;13316
200;8943
200;9428
200;7642
200;8812
200;8021
200;12055
200;9407
200;14091
200;16112
200;10295
200;9255
200;16152
200;11855
200;14035
200;14732
200;10517
200;6120
200;7199
200;10857
200;14386
200;9793
200;10314
200;13299
200;8148
200;9199
200;5760
200;8986
200;10021
200;17663
200;11455
200;8367
200;10262
200;10553
200;8620
200;11339
200;10429
200;9166
200;14783
200;7849
200;8779
200;8804
200;12956
200;10807
200;26297
200;24533
200;4730
200;7719
200;5351
200;6468
200;8794
200;7387
200;10488
250;9287
250;14077
250;12085
250;9117
250;12927
250;12219
250;22217
250;18659
250;10343
250;9099
250;14237
250;12705
250;13989
250;11127
250;7321
250;10063
250;10311
250;13285
250;13033
250;20427
250;12435
250;20679
250;16619
250;17325
250;16375
250;13019
250;14501
250;8489
250;14693
250;17699
250;24231
250;12269
250;18995
250;23301
250;9403
250;7585
250;22023
250;16479
250;20589
250;23845
250;11819
250;20831
250;16949
250;16625
250;6533
250;13029
250;9843
250;15221
250;8817
250;16265
250;13741
250;20389
250;17687
250;15903
250;12401
250;11153
250;10305
250;17607
250;12949
250;18553
250;11903
250;7151
250;24581
250;18355
250;11195
250;13303
250;11019
250;16129
250;20413
250;13189
250;11449
250;13023
250;12373
250;19135
250;11801
250;11795
250;11891
250;12411
250;13147
250;23791
250;10591
250;16043
250;12635
250;19219
250;10489
250;16459
250;8665
250;13313
250;18589
250;10349
250;19889
250;13041
250;9907
250;15987
250;10019
250;19469
250;8393
250;12043
250;8767
250;10907
300;14009
300;19886
300;33167
300;18911
300;24099
300;19127
300;9667
300;20740
300;15528
300;26944
300;17733
300;11086
300;12159
300;11327
300;14726
300;18946
300;18494
300;20414
300;15543
300;14476
300;13912
300;22397
300;18869
300;16521
300;19567
300;9422
300;11984
300;23409
300;16942
300;14557
300;17727
300;15543
300;25705
300;17235
300;18865
300;16177
300;17143
300;30111
300;16314
300;14131
300;10773
300;15235
300;24576
300;16935
300;18535
300;15742
300;16483
300;19257
300;13689
300;17773
300;11653
300;18277
300;16797
300;19275
300;16837
300;12656
300;14378
300;12289
300;10855
300;24898
300;14180
300;19000
300;13309
300;25996
300;32444
300;17784
300;20752
300;12302
300;22023
300;18461
300;11007
300;28214
300;18563
300;24873
300;12264
300;15404
300;13171
300;18519
300;12999
300;29485
300;14673
300;18395
300;12367
300;9056
300;14772
300;21627
300;20825
300;16539
300;10823
300;12093
300;21389
300;14287
300;14654
300;14944
300;22855
300;10113
300;10346
300;13483
300;19736
300;11386
350;29506
350;25604
350;42677
350;20552
350;22332
350;64239
350;17830
350;31852
350;27839
350;21906
350;22984
350;30963
350;25320
350;17443
350;26023
350;17178
350;18585
350;21725
350;16604
350;13980
350;25948
350;21271
350;18058
350;29771
350;15158
350;12805
350;36700
350;25635
350;27165
350;20506
350;17224
350;21522
350;18661
350;24926
350;28099
350;11319
350;22460
350;13949
350;26946
350;22152
350;24288
350;27846
350;33051
350;20744
350;21190
350;25750
350;19263
350;20331
350;29458
350;40030
350;31063
350;16394
350;21505
350;20687
350;23937
350;16245
350;25168
350;16894
350;17312
350;24760
350;32356
350;27765
350;22789
350;17264
350;19255
350;21066
350;25743
350;15769
350;19832
350;29303
350;25453
350;29627
350;24898
350;30400
350;20459
350;36646
350;24753
350;22242
350;17526
350;40127
350;14164
350;14192
350;25848
350;23787
350;23525
350;22434
350;23072
350;13070
350;25547
350;16760
350;14752
350;31496
350;28770
350;17094
350;26736
350;25848
350;31035
350;14597
350;26261
350;22472
400;23802
400;24329
400;25014
400;31243
400;22702
400;21472
400;20817
400;19038
400;22633
400;29456
400;46518
400;22906
400;40930
400;25886
400;22823
400;26147
400;11399
400;25765
400;26428
400;22165
400;22101
400;25858
400;20644
400;23812
400;19118
400;24229
400;22066
400;22552
400;16512
400;29997
400;33066
400;59124
400;17911
400;30244
400;30598
400;19148
400;43263
400;44785
400;16738
400;27665
400;25909
400;18277
400;18122
400;31208
400;28758
400;44604
400;16190
400;26479
400;19140
400;43316
400;42620
400;22295
400;15066
400;34474
400;13729
400;25554
400;36627
400;33834
400;19231
400;26583
400;38266
400;20116
400;29420
400;30044
400;24232
400;29642
400;28292
400;20248
400;31907
400;29939
400;30214
400;21924
400;33426
400;24942
400;19410
400;30382
400;18600
400;37334
400;25500
400;31673
400;27282
400;26336
400;24850
400;21152
400;30730
400;23303
400;19190
400;18854
400;15490
400;27368
400;23572
400;20834
400;18930
400;26369
400;23212
400;27686
400;24106
400;48173
400;19944
400;26925
450;29286
450;35450
450;58156
450;25088
450;23746
450;58590
450;40688
450;43248
450;46254
450;29604
450;24408
450;23760
450;29820
450;20661
450;27674
450;26678
450;39436
450;24818
450;26465
450;23330
450;25084
450;40254
450;49492
450;20372
450;29936
450;53868
450;34506
450;31004
450;30188
450;24242
450;27771
450;40322
450;24070
450;20124
450;35542
450;32466
450;19066
450;23852
450;30534
450;54854
450;51294
450;31058
450;32416
450;29522
450;23228
450;29722
450;27736
450;35434
450;23084
450;30144
450;26996
450;16969
450;32211
450;24792
450;28224
450;37132
450;31771
450;38760
450;31720
450;22250
450;37859
450;29712
450;24662
450;49788
450;42740
450;33393
450;28618
450;22460
450;28656
450;28088
450;71488
450;36525
450;24110
450;36320
450;21002
450;32530
450;33754
450;33792
450;22736
450;21750
450;33261
450;42798
450;41560
450;32831
450;23372
450;35472
450;22260
450;23357
450;45728
450;39138
450;27292
450;22168
450;42410
450;33110
450;32196
450;28408
450;32829
450;39182
450;43810
450;30302
500;46224
500;25194
500;34832
500;61956
500;38098
500;38742
500;32662
500;22030
500;41664
500;35752
500;34738
500;32224
500;40842
500;23244
500;46570
500;38466
500;18764
500;29194
500;47478
500;30002
500;28352
500;57412
500;34568
500;31506
500;21316
500;31358
500;48326
500;32615
500;32484
500;33392
500;25604
500;38586
500;26738
500;24520
500;31588
500;35578
500;28250
500;35470
500;30114
500;54846
500;50952
500;34706
500;50522
500;28796
500;50026
500;42150
500;35112
500;33802
500;20212
500;51626
500;38414
500;28184
500;34338
500;45206
500;37856
500;38688
500;69068
500;38530
500;48758
500;26872
500;29578
500;41776
500;27158
500;52388
500;33674
500;48130
500;30092
500;35632
500;40740
500;33728
500;36724
500;47602
500;49602
500;29166
500;33752
500;51662
500;27550
500;47612
500;22924
500;34618
500;39858
500;34354
500;43000
500;66102
500;29450
500;36690
500;34906
500;35906
500;19008
500;24564
500;59392
500;36948
500;23972
500;37696
500;24844
500;22196
500;82476
500;35332
500;26856
500;34546
550;38882
550;41112
550;41325
550;39046
550;31500
550;45299
550;28694
550;33014
550;34118
550;27850
550;28532
550;38792
550;41130
550;35980
550;44428
550;51204
550;79458
550;22816
550;32635
550;65584
550;39520
550;42019
550;28798
550;66950
550;52334
550;28442
550;55406
550;34584
550;35906
550;50950
550;45828
550;34640
550;33658
550;51690
550;39594
550;47646
550;58684
550;39038
550;22800
550;42885
550;34510
550;35038
550;39844
550;49030
550;38900
550;32746
550;38812
550;33138
550;54257
550;79539
550;55859
550;40850
550;22014
550;50192
550;19122
550;32164
550;37108
550;44602
550;34510
550;47231
550;29980
550;41154
550;48607
550;43602
550;42180
550;42219
550;39238
550;42208
550;40812
550;32134
550;65268
550;52880
550;29630
550;44629
550;51750
550;48810
550;40874
550;30124
550;40652
550;36882
550;31350
550;30170
550;47166
550;71146
550;38838
550;49334
550;51378
550;42440
550;63664
550;29726
550;41656
550;40914
550;70756
550;42464
550;42453
550;39878
550;54114
550;68187
550;27056
550;56913
600;26047
600;40902
600;61536
600;40106
600;51742
600;76937
600;45104
600;59241
600;46993
600;39094
600;61148
600;35832
600;37512
600;48939
600;38495
600;41662
600;41771
600;39628
600;28741
600;38760
600;35705
600;63418
600;41724
600;38939
600;47547
600;42788
600;52212
600;52913
600;53893
600;25926
600;37890
600;50829
600;58919
600;37642
600;42998
600;32550
600;40462
600;39584
600;36387
600;30504
600;42019
600;39349
600;56471
600;48764
600;40054
600;33498
600;39338
600;53853
600;60982
600;34048
600;44654
600;40826
600;58873
600;94377
600;86685
600;26842
600;57490
600;43594
600;53875
600;54301
600;62826
600;41231
600;59210
600;30981
600;42943
600;51455
600;38212
600;39593
600;37508
600;40066
600;30175
600;56550
600;59479
600;51016
600;39359
600;47739
600;31636
600;39008
600;52546
600;60243
600;39414
600;72880
600;43268
600;40558
600;47640
600;46396
600;40820
600;50177
600;36613
600;57538
600;49640
600;34041
600;52878
600;48753
600;47502
600;58543
600;50905
600;46871
600;60994
600;40412
650;48450
650;99333
650;25167
650;62770
650;43959
650;83478
650;45247
650;46497
650;51776
650;37028
650;56335
650;53818
650;54544
650;75156
650;48572
650;46282
650;71521
650;44124
650;40855
650;44110
650;45060
650;50962
650;36428
650;27895
650;59151
650;43639
650;68626
650;49870
650;59087
650;41444
650;32556
650;60291
650;41511
650;32951
650;32670
650;64532
650;33903
650;45164
650;40510
650;62902
650;38254
650;45808
650;64142
650;48821
650;58400
650;53298
650;33664
650;37460
650;44974
650;65248
650;36773
650;46032
650;37897
650;73886
650;71466
650;58962
650;46702
650;48264
650;35952
650;31749
650;37972
650;72183
650;49097
650;62234
650;52211
650;48440
650;38818
650;55839
650;71246
650;48419
650;39818
650;89311
650;49995
650;52376
650;50069
650;52647
650;57730
650;57881
650;45022
650;73462
650;61195
650;45737
650;63684
650;49500
650;47183
650;51827
650;32196
650;48960
650;28419
650;52447
650;48407
650;45076
650;44154
650;39604
650;46226
650;52040
650;56892
650;70843
650;33089
650;49643
700;46657
700;77312
700;39720
700;91993
700;39739
700;51733
700;52839
700;41088
700;63503
700;41536
700;52620
700;62311
700;40893
700;58600
700;31350
700;69317
700;65615
700;47775
700;51525
700;54752
700;53687
700;38911
700;80979
700;74816
700;64986
700;39412
700;52091
700;67102
700;46594
700;42899
700;35052
700;49510
700;49089
700;46976
700;66775
700;63293
700;50263
700;67839
700;63240
700;51117
700;54854
700;58821
700;67465
700;52063
700;41995
700;52080
700;58477
700;47273
700;35674
700;69220
700;69932
700;77939
700;48444
700;59778
700;63752
700;72944
700;46837
700;66651
700;58629
700;59227
700;53962
700;63758
700;67164
700;82853
700;52696
700;49225
700;64130
700;44645
700;53433
700;53567
700;44239
700;50033
700;67409
700;58075
700;48063
700;44800
700;42971
700;49519
700;53836
700;39923
700;29198
700;55756
700;46877
700;68101
700;62571
700;35177
700;54800
700;50463
700;58432
700;35730
700;51794
700;37899
700;52563
700;62689
700;46132
700;54909
700;38756
700;35372
700;55919
700;37239
750;53943
750;61423
750;64992
750;58309
750;73417
750;76820
750;68694
750;51121
750;58901
750;54287
750;70449
750;54119
750;87079
750;83194
750;84097
750;65682
750;72277
750;64141
750;69827
750;42921
750;75045
750;60820
750;86751
750;40209
750;74690
750;61967
750;45497
750;56915
750;53383
750;51077
750;57020
750;57324
750;52357
750;91741
750;52053
750;57937
750;49151
750;52743
750;39535
750;45778
750;75642
750;39526
750;62361
750;90415
750;67372
750;46960
750;54777
750;54594
750;82151
750;76372
750;48561
750;48369
750;42817
750;72361
750;74538
750;59120
750;69934
750;96340
750;62647
750;68418
750;52762
750;70833
750;77750
750;58827
750;42755
750;60043
750;73607
750;64011
750;76524
750;57376
750;138405
750;48922
750;69580
750;51606
750;46077
750;65669
750;59589
750;113743
750;41881
750;57841
750;52725
750;70076
750;78908
750;63306
750;52175
750;82813
750;53831
750;39929
750;55787
750;42598
750;75421
750;62444
750;36229
750;42931
750;47684
750;50542
750;77733
750;57559
750;61305
750;51986
800;56969
800;79413
800;72010
800;62223
800;72211
800;57748
800;79003
800;65667
800;58707
800;44027
800;87368
800;78141
800;68605
800;45428
800;51152
800;60130
800;91123
800;59127
800;72581
800;72946
800;64678
800;60809
800;74235
800;64781
800;64330
800;60695
800;72792
800;136102
800;80783
800;42599
800;67639
800;45685
800;48981
800;83539
800;87421
800;41241
800;103105
800;89243
800;59883
800;68139
800;84961
800;59446
800;45906
800;62397
800;54493
800;92070
800;59846
800;75493
800;56107
800;60057
800;65717
800;66599
800;77607
800;51990
800;58137
800;81019
800;60408
800;54218
800;53506
800;57913
800;40525
800;62243
800;86773
800;71914
800;74632
800;76459
800;66682
800;103345
800;49841
800;63278
800;68371
800;45110
800;54657
800;42175
800;80409
800;55319
800;74924
800;77386
800;77318
800;48975
800;63985
800;99594
800;45593
800;91305
800;49209
800;77946
800;56469
800;74060
800;57503
800;66325
800;88322
800;59961
800;58195
800;75516
800;62511
800;75085
800;65813
800;60019
800;79835
800;58699
850;60764
850;56501
850;72977
850;74151
850;68671
850;109709
850;62741
850;57625
850;78485
850;71763
850;94181
850;65033
850;56494
850;60931
850;59213
850;78385
850;92979
850;78233
850;51603
850;107557
850;136847
850;67045
850;70060
850;61987
850;91139
850;68657
850;54971
850;74325
850;71211
850;51795
850;79534
850;80731
850;82827
850;74683
850;75107
850;106009
850;70915
850;80139
850;61665
850;66333
850;62647
850;99213
850;73237
850;58362
850;94538
850;66031
850;97207
850;104999
850;64331
850;91765
850;76431
850;46875
850;94855
850;54561
850;63119
850;72983
850;64177
850;47602
850;47223
850;91389
850;57141
850;153171
850;64305
850;110879
850;125677
850;71766
850;90379
850;67414
850;66411
850;128517
850;109546
850;82853
850;62473
850;70065
850;74271
850;66060
850;60133
850;72919
850;46212
850;73224
850;102943
850;46817
850;52345
850;55735
850;51545
850;74591
850;60367
850;69307
850;39903
850;76095
850;54899
850;67888
850;71075
850;49091
850;59815
850;54145
850;57945
850;132390
850;85407
850;65919
900;98181
900;71589
900;86005
900;45405
900;76951
900;114801
900;76313
900;63685
900;76717
900;81607
900;91087
900;67397
900;68205
900;66603
900;93823
900;94643
900;63419
900;73193
900;121481
900;109352
900;66123
900;87195
900;81809
900;66093
900;79581
900;113456
900;91611
900;49423
900;88533
900;68181
900;50829
900;56485
900;71177
900;55023
900;78401
900;63399
900;72301
900;65159
900;57765
900;97269
900;51512
900;59765
900;66963
900;96277
900;87927
900;73177
900;90901
900;70995
900;71815
900;54671
900;93039
900;70853
900;80232
900;62863
900;48323
900;91681
900;85935
900;67619
900;83667
900;53103
900;117107
900;117443
900;122749
900;53577
900;67081
900;63199
900;127245
900;61209
900;63303
900;78511
900;62013
900;98157
900;74641
900;77463
900;63699
900;82393
900;56163
900;60209
900;58427
900;57703
900;61475
900;74677
900;78096
900;99534
900;128127
900;81837
900;76609
900;91779
900;44999
900;103855
900;63167
900;71357
900;80339
900;63201
900;73293
900;54793
900;115935
900;87021
900;66126
900;40263
950;73026
950;93837
950;88963
950;83877
950;118845
950;82923
950;88575
950;81701
950;88677
950;79925
950;89529
950;89097
950;91613
950;89909
950;61845
950;60025
950;73011
950;100497
950;134061
950;51853
950;96183
950;67693
950;83161
950;67218
950;88319
950;98861
950;91969
950;84029
950;73489
950;146807
950;132847
950;124575
950;83257
950;93087
950;52821
950;74375
950;57663
950;183899
950;64525
950;86291
950;77035
950;60325
950;150823
950;58537
950;64955
950;73691
950;80207
950;83137
950;67929
950;84913
950;88937
950;87597
950;67877
950;62237
950;85806
950;90921
950;91177
950;92905
950;65265
950;68211
950;62243
950;70741
950;149011
950;94313
950;80519
950;61887
950;102581
950;75340
950;74181
950;178189
950;77387
950;142773
950;58646
950;83525
950;83233
950;104137
950;84281
950;69279
950;150167
950;83541
950;72719
950;92033
950;93391
950;75861
950;66047
950;81159
950;66127
950;65031
950;102763
950;104056
950;89757
950;75151
950;89165
950;90327
950;61181
950;74143
950;50391
950;77287
950;79357
950;75579
1000;126705
1000;129165
1000;128431
1000;50853
1000;69799
1000;108209
1000;87195
1000;106733
1000;100233
1000;76737
1000;82079
1000;171555
1000;117861
1000;72995
1000;75535
1000;73763
1000;117127
1000;78915
1000;51471
1000;108043
1000;96397
1000;60241
1000;74135
1000;69017
1000;86793
1000;72275
1000;65219
1000;74141
1000;104143
1000;50359
1000;143933
1000;75475
1000;67117
1000;81857
1000;67111
1000;63171
1000;76499
1000;64885
1000;73579
1000;56011
1000;74715
1000;76679
1000;61167
1000;95593
1000;93615
1000;84919
1000;77183
1000;86103
1000;111285
1000;75969
1000;86537
1000;96129
1000;96261
1000;95047
1000;97353
1000;116111
1000;66741
1000;99879
1000;101421
1000;92911
1000;130319
1000;84211
1000;104043
1000;109837
1000;55501
1000;118749
1000;83299
1000;64233
1000;104143
1000;122819
1000;72761
1000;126323
1000;118437
1000;85751
1000;75737
1000;107015
1000;171549
1000;73117
1000;62449
1000;113701
1000;62509
1000;76419
1000;81639
1000;86741
1000;107497
1000;115005
1000;62945
1000;66083
1000;81433
1000;167347
1000;72569
1000;86109
1000;155599
1000;89811
1000;125953
1000;93071
1000;80401
1000;116295
1000;89031
1000;76639
1050;111555
1050;82927
1050;90033
1050;98423
1050;87219
1050;71881
1050;62185
1050;122337
1050;107649
1050;53641
1050;94078
1050;133393
1050;105089
1050;82789
1050;61765
1050;140389
1050;100113
1050;145821
1050;137227
1050;99311
1050;92275
1050;95437
1050;57087
1050;136321
1050;116603
1050;71725
1050;68423
1050;115307
1050;102757
1050;106779
1050;73299
1050;177967
1050;102057
1050;78093
1050;67189
1050;105603
1050;70833
1050;77365
1050;84895
1050;104679
1050;78371
1050;114401
1050;88923
1050;111447
1050;131439
1050;85683
1050;88681
1050;97601
1050;126913
1050;105641
1050;88451
1050;80979
1050;78959
1050;95233
1050;81433
1050;89197
1050;113251
1050;102281
1050;110182
1050;77601
1050;82641
1050;104498
1050;107467
1050;112105
1050;105735
1050;63029
1050;138685
1050;95187
1050;93837
1050;79675
1050;117459
1050;140953
1050;99111
1050;71607
1050;84601
1050;87447
1050;61829
1050;88099
1050;88945
1050;73465
1050;102579
1050;71341
1050;94013
1050;96623
1050;117595
1050;60977
1050;116193
1050;92445
1050;81301
1050;86793
1050;183111
1050;77617
1050;76351
1050;85057
1050;85935
1050;126693
1050;60113
1050;50977
1050;85089
1050;76678
1100;64929
1100;83995
1100;95869
1100;83711
1100;86270
1100;73841
1100;119035
1100;116083
1100;90121
1100;77997
1100;97631
1100;70191
1100;125667
1100;96749
1100;98559
1100;65651
1100;96209
1100;167217
1100;107651
1100;63973
1100;123629
1100;74239
1100;79515
1100;80759
1100;123026
1100;100175
1100;134599
1100;126463
1100;72703
1100;116833
1100;70633
1100;63519
1100;181260
1100;126425
1100;80449
1100;123249
1100;91391
1100;108713
1100;87315
1100;103877
1100;63779
1100;97029
1100;89673
1100;111133
1100;114719
1100;180537
1100;126117
1100;102207
1100;144369
1100;120311
1100;81061
1100;106685
1100;54069
1100;89528
1100;71789
1100;74751
1100;93769
1100;93285
1100;95008
1100;116610
1100;106609
1100;86156
1100;87221
1100;75177
1100;77423
1100;126051
1100;87466
1100;93365
1100;84747
1100;84699
1100;95823
1100;75155
1100;166625
1100;71993
1100;98403
1100;105677
1100;103749
1100;82775
1100;73449
1100;168313
1100;100155
1100;103553
1100;74803
1100;100977
1100;67903
1100;165945
1100;87463
1100;91369
1100;86593
1100;117425
1100;83231
1100;79851
1100;132119
1100;170117
1100;78904
1100;131575
1100;137354
1100;76133
1100;91461
1100;87313
1150;89481
1150;146439
1150;110749
1150;127225
1150;193135
1150;144648
1150;97019
1150;93901
1150;92332
1150;101838
1150;135513
1150;153031
1150;120622
1150;100105
1150;109081
1150;104845
1150;102241
1150;95533
1150;111211
1150;93687
1150;134825
1150;122283
1150;68517
1150;154129
1150;93567
1150;127923
1150;106915
1150;139803
1150;103716
1150;129080
1150;133827
1150;102149
1150;158243
1150;143192
1150;55731
1150;124795
1150;83493
1150;100579
1150;169797
1150;163861
1150;73431
1150;112565
1150;128255
1150;76041
1150;154999
1150;84995
1150;104302
1150;89099
1150;106446
1150;67405
1150;85831
1150;62659
1150;191101
1150;93377
1150;140476
1150;173797
1150;115805
1150;153459
1150;62237
1150;112959
1150;121695
1150;92483
1150;139294
1150;176211
1150;113377
1150;80861
1150;121409
1150;100049
1150;95631
1150;174482
1150;91671
1150;73893
1150;139113
1150;116524
1150;117292
1150;103148
1150;86380
1150;77585
1150;102379
1150;85179
1150;75332
1150;109418
1150;106725
1150;84097
1150;57190
1150;104106
1150;95651
1150;164293
1150;103607
1150;117670
1150;107146
1150;97687
1150;107181
1150;140038
1150;122059
1150;113117
1150;71795
1150;68294
1150;110471
1150;125995
1200;99522
1200;113233
1200;115152
1200;156887
1200;125295
1200;145611
1200;117153
1200;103587
1200;132236
1200;123051
1200;110389
1200;144314
1200;114934
1200;161502
1200;176594
1200;128462
1200;127142
1200;125330
1200;113037
1200;101793
1200;84433
1200;85110
1200;107395
1200;77353
1200;145445
1200;149071
1200;76782
1200;99216
1200;136583
1200;177303
1200;92563
1200;101949
1200;200615
1200;97706
1200;94979
1200;105189
1200;67233
1200;105034
1200;147914
1200;94255
1200;83806
1200;156431
1200;75206
1200;148025
1200;114021
1200;88981
1200;133985
1200;97498
1200;117669
1200;119021
1200;147239
1200;94295
1200;227663
1200;102653
1200;126539
1200;87139
1200;178883
1200;150973
1200;116753
1200;120323
1200;167918
1200;140414
1200;108433
1200;110989
1200;141225
1200;116000
1200;119365
1200;119057
1200;148425
1200;139565
1200;117672
1200;137397
1200;185923
1200;86057
1200;93083
1200;158591
1200;108051
1200;104555
1200;149212
1200;105270
1200;140051
1200;112459
1200;153857
1200;133145
1200;80821
1200;107991
1200;92567
1200;107887
1200;114303
1200;95383
1200;120268
1200;109627
1200;59595
1200;88936
1200;115618
1200;111370
1200;84330
1200;145437
1200;135429
1200;125411
1250;127883
1250;92932
1250;107279
1250;132623
1250;129093
1250;125420
1250;93928
1250;172188
1250;88295
1250;110216
1250;109955
1250;121329
1250;196737
1250;108507
1250;107001
1250;106031
1250;126789
1250;107026
1250;90127
1250;139619
1250;115019
1250;85573
1250;126292
1250;97885
1250;134229
1250;138763
1250;166997
1250;133329
1250;98815
1250;155284
1250;122338
1250;87987
1250;120303
1250;135414
1250;161461
1250;118495
1250;114924
1250;126793
1250;120977
1250;130434
1250;95766
1250;134237
1250;194600
1250;163897
1250;124023
1250;175736
1250;153478
1250;146761
1250;105752
1250;95717
1250;122785
1250;127408
1250;118284
1250;97897
1250;71735
1250;168921
1250;73488
1250;121895
1250;88064
1250;101968
1250;130657
1250;119497
1250;83254
1250;125255
1250;96647
1250;94736
1250;115679
1250;136935
1250;178893
1250;126500
1250;151669
1250;166511
1250;107029
1250;97538
1250;115031
1250;114688
1250;124979
1250;161223
1250;129888
1250;151950
1250;130109
1250;182636
1250;94237
1250;101097
1250;193083
1250;169187
1250;112857
1250;100237
1250;92606
1250;136835
1250;114038
1250;115560
1250;147543
1250;126829
1250;74953
1250;119539
1250;94812
1250;100497
1250;99231
1250;133117
1300;109766
1300;174078
1300;164957
1300;152191
1300;113537
1300;157830
1300;94235
1300;133130
1300;180462
1300;121179
1300;191117
1300;80841
1300;130294
1300;159585
1300;153121
1300;105396
1300;149649
1300;160591
1300;215483
1300;137518
1300;129427
1300;143491
1300;123304
1300;221079
1300;107931
1300;144202
1300;155548
1300;120657
1300;124515
1300;96263
1300;172137
1300;128336
1300;123116
1300;97559
1300;119570
1300;100460
1300;126503
1300;131584
1300;152539
1300;96429
1300;88107
1300;142090
1300;115624
1300;156926
1300;141239
1300;146447
1300;170932
1300;83066
1300;84781
1300;163871
1300;90053
1300;171828
1300;141753
1300;125298
1300;151415
1300;119870
1300;137340
1300;118930
1300;110102
1300;99435
1300;96819
1300;111866
1300;158002
1300;151280
1300;87424
1300;127619
1300;102998
1300;85398
1300;155322
1300;144351
1300;130833
1300;105377
1300;116956
1300;127552
1300;98238
1300;98674
1300;134353
1300;75497
1300;111486
1300;140322
1300;97467
1300;93265
1300;101451
1300;149419
1300;175097
1300;120082
1300;132644
1300;168106
1300;223767
1300;100096
1300;196447
1300;298242
1300;114642
1300;157818
1300;139235
1300;95121
1300;176967
1300;170230
1300;145375
1300;219772
1350;208104
1350;132832
1350;88837
1350;128887
1350;194053
1350;124586
1350;125006
1350;149597
1350;216299
1350;139514
1350;219356
1350;131228
1350;187649
1350;119105
1350;110075
1350;137100
1350;180675
1350;159283
1350;98795
1350;115211
1350;99866
1350;178520
1350;88804
1350;165707
1350;136000
1350;194376
1350;125083
1350;123050
1350;90787
1350;109253
1350;134665
1350;115305
1350;124159
1350;102373
1350;135240
1350;103285
1350;93272
1350;135572
1350;151667
1350;137819
1350;110844
1350;218413
1350;192603
1350;120120
1350;102239
1350;79905
1350;116010
1350;134993
1350;148016
1350;160826
1350;108465
1350;149027
1350;133252
1350;134127
1350;107474
1350;182117
1350;115089
1350;84292
1350;169870
1350;124508
1350;73180
1350;113502
1350;95586
1350;174737
1350;129581
1350;167266
1350;131645
1350;144147
1350;128850
1350;110982
1350;208496
1350;118316
1350;97891
1350;276078
1350;184812
1350;223417
1350;138451
1350;127474
1350;162117
1350;82190
1350;141649
1350;149823
1350;124110
1350;130192
1350;92631
1350;186312
1350;177572
1350;119727
1350;254296
1350;126484
1350;93426
1350;121848
1350;136490
1350;78331
1350;127402
1350;124684
1350;108468
1350;112383
1350;164835
1350;139760
1400;135462
1400;139765
1400;137586
1400;117832
1400;150037
1400;102484
1400;126076
1400;163425
1400;166573
1400;103496
1400;301502
1400;134993
1400;192264
1400;129662
1400;135529
1400;139555
1400;268080
1400;164413
1400;177010
1400;144938
1400;146527
1400;131286
1400;128638
1400;138804
1400;288802
1400;113784
1400;111197
1400;145152
1400;134992
1400;119224
1400;132108
1400;196204
1400;152916
1400;115166
1400;128709
1400;101268
1400;147892
1400;101143
1400;111643
1400;120184
1400;171894
1400;81187
1400;117950
1400;145340
1400;134818
1400;102490
1400;148006
1400;103407
1400;127412
1400;121082
1400;135396
1400;129638
1400;108547
1400;185326
1400;109625
1400;109788
1400;115325
1400;111690
1400;107592
1400;107222
1400;147974
1400;101736
1400;75587
1400;172886
1400;140910
1400;193963
1400;117253
1400;146714
1400;132756
1400;150283
1400;128840
1400;137740
1400;153910
1400;178929
1400;119078
1400;201139
1400;138730
1400;162481
1400;101955
1400;117722
1400;163700
1400;155203
1400;160868
1400;119473
1400;122560
1400;118525
1400;169784
1400;141156
1400;131487
1400;107186
1400;125461
1400;197034
1400;134833
1400;294769
1400;115746
1400;119625
1400;169705
1400;161943
1400;150638
1400;164220
1450;167545
1450;119189
1450;88917
1450;171633
1450;113868
1450;171032
1450;113266
1450;147185
1450;140068
1450;177631
1450;115108
1450;149760
1450;153386
1450;168691
1450;161345
1450;122603
1450;123127
1450;134623
1450;133664
1450;107693
1450;107967
1450;117846
1450;138019
1450;142403
1450;73685
1450;304069
1450;149822
1450;163872
1450;193528
1450;90738
1450;114666
1450;198423
1450;112334
1450;148554
1450;227872
1450;145448
1450;100376
1450;133960
1450;185193
1450;152033
1450;181207
1450;98168
1450;183219
1450;162019
1450;163602
1450;157612
1450;113230
1450;152656
1450;114167
1450;167835
1450;197182
1450;128422
1450;147944
1450;88878
1450;125702
1450;97099
1450;171328
1450;110349
1450;162158
1450;141371
1450;101567
1450;170230
1450;146630
1450;166779
1450;107041
1450;222561
1450;170294
1450;282306
1450;138214
1450;132568
1450;170972
1450;145680
1450;131651
1450;161710
1450;113094
1450;179613
1450;188341
1450;174690
1450;253243
1450;161258
1450;192759
1450;144360
1450;203850
1450;226802
1450;160506
1450;90466
1450;115502
1450;149331
1450;168446
1450;134608
1450;120872
1450;154978
1450;165828
1450;149416
1450;189464
1450;136571
1450;175790
1450;184362
1450;135622
1450;163655
1500;165690
1500;120646
1500;108175
1500;142551
1500;109443
1500;202093
1500;156610
1500;152278
1500;128832
1500;114719
1500;139624
1500;171357
1500;121938
1500;128999
1500;126310
1500;141098
1500;111006
1500;150041
1500;183924
1500;125244
1500;125965
1500;134958
1500;214392
1500;260596
1500;158879
1500;116517
1500;134262
1500;124974
1500;178002
1500;165695
1500;169149
1500;173323
1500;131276
1500;129435
1500;125975
1500;142654
1500;228243
1500;156084
1500;205120
1500;106154
1500;133163
1500;220128
1500;224118
1500;97180
1500;208264
1500;173367
1500;150872
1500;158668
1500;204512
1500;213304
1500;164918
1500;200956
1500;132600
1500;162797
1500;123551
1500;228698
1500;141012
1500;178310
1500;166195
1500;135905
1500;94497
1500;125563
1500;170887
1500;182586
1500;110428
1500;173327
1500;154498
1500;82082
1500;178274
1500;148165
1500;199440
1500;106089
1500;157923
1500;236193
1500;116185
1500;111536
1500;123930
1500;124510
1500;131608
1500;188001
1500;126728
1500;141124
1500;114816
1500;164196
1500;116828
1500;120275
1500;178480
1500;122368
1500;110116
1500;140574
1500;214887
1500;183489
1500;113729
1500;212945
1500;108607
1500;153767
1500;175479
1500;134166
1500;172774
1500;116617
1550;117910
1550;208962
1550;157626
1550;150090
1550;159557
1550;180504
1550;152692
1550;138512
1550;216910
1550;148448
1550;169177
1550;151052
1550;190860
1550;209970
1550;124022
1550;216808
1550;121310
1550;123626
1550;122176
1550;188732
1550;144851
1550;125387
1550;110590
1550;154820
1550;135097
1550;130588
1550;160100
1550;130507
1550;131917
1550;142760
1550;227281
1550;179314
1550;112056
1550;166994
1550;176991
1550;177690
1550;157952
1550;185290
1550;228920
1550;154723
1550;123215
1550;230794
1550;186862
1550;143128
1550;110938
1550;150721
1550;193375
1550;127840
1550;169169
1550;109231
1550;146585
1550;148252
1550;176358
1550;144494
1550;152189
1550;112732
1550;187084
1550;119822
1550;120196
1550;165215
1550;166812
1550;148014
1550;131308
1550;176662
1550;165187
1550;261092
1550;145402
1550;128376
1550;139566
1550;117554
1550;189930
1550;189487
1550;213392
1550;134677
1550;116862
1550;135240
1550;193234
1550;182652
1550;201853
1550;143868
1550;239113
1550;199965
1550;104624
1550;165754
1550;248158
1550;166997
1550;133417
1550;196610
1550;249538
1550;166226
1550;144994
1550;162848
1550;109556
1550;142832
1550;147694
1550;168906
1550;168214
1550;187150
1550;145266
1550;165578
1600;194858
1600;187050
1600;166482
1600;122161
1600;143462
1600;127364
1600;166161
1600;198491
1600;124548
1600;184165
1600;209235
1600;128438
1600;184228
1600;163100
1600;134071
1600;169860
1600;117542
1600;113121
1600;162945
1600;204278
1600;171174
1600;148215
1600;299904
1600;122065
1600;158626
1600;167638
1600;170895
1600;248531
1600;132215
1600;178412
1600;228024
1600;163960
1600;178182
1600;147377
1600;168682
1600;125589
1600;132841
1600;171046
1600;128786
1600;142689
1600;181178
1600;255507
1600;194417
1600;177830
1600;203894
1600;171450
1600;165480
1600;120080
1600;176954
1600;137917
1600;167120
1600;173171
1600;207198
1600;211695
1600;186818
1600;189022
1600;133954
1600;192606
1600;119627
1600;147710
1600;192815
1600;217076
1600;247955
1600;205816
1600;143738
1600;195196
1600;112200
1600;141130
1600;157896
1600;171030
1600;157324
1600;199502
1600;101840
1600;181758
1600;143666
1600;123310
1600;159856
1600;216042
1600;139258
1600;137656
1600;132752
1600;126777
1600;142807
1600;205956
1600;166918
1600;258547
1600;142076
1600;216480
1600;138652
1600;156102
1600;138915
1600;230928
1600;168204
1600;228371
1600;188270
1600;151652
1600;169272
1600;190008
1600;126448
1600;160092
1650;212778
1650;178787
1650;136862
1650;120874
1650;179326
1650;147956
1650;151181
1650;223250
1650;143098
1650;132477
1650;124768
1650;111136
1650;146440
1650;170497
1650;140748
1650;160926
1650;235786
1650;180516
1650;183741
1650;123748
1650;109502
1650;174887
1650;203794
1650;163656
1650;131608
1650;127099
1650;186551
1650;139852
1650;151534
1650;178322
1650;139730
1650;198867
1650;204222
1650;157036
1650;141138
1650;198845
1650;140504
1650;337306
1650;164314
1650;134751
1650;145032
1650;184254
1650;158510
1650;157429
1650;268531
1650;266233
1650;192074
1650;139978
1650;199751
1650;138318
1650;171391
1650;137618
1650;194586
1650;204519
1650;150106
1650;158071
1650;210858
1650;148046
1650;155160
1650;99976
1650;162480
1650;124220
1650;143654
1650;249414
1650;216376
1650;123078
1650;152439
1650;174732
1650;124388
1650;189912
1650;159008
1650;161252
1650;142188
1650;205088
1650;139340
1650;152186
1650;163632
1650;121821
1650;153808
1650;150218
1650;146114
1650;185520
1650;173512
1650;240845
1650;179756
1650;175952
1650;154329
1650;183988
1650;231208
1650;178838
1650;147000
1650;221352
1650;214942
1650;133356
1650;330726
1650;129200
1650;208224
1650;305397
1650;173635
1650;206336
1700;165106
1700;244951
1700;147374
1700;283292
1700;113791
1700;206997
1700;135804
1700;160363
1700;311346
1700;232948
1700;243632
1700;162588
1700;205234
1700;153246
1700;220810
1700;200674
1700;183554
1700;178408
1700;143896
1700;123528
1700;192165
1700;186758
1700;183000
1700;152912
1700;249626
1700;285138
1700;245094
1700;248621
1700;180212
1700;280826
1700;185007
1700;205756
1700;140701
1700;129032
1700;318156
1700;264333
1700;276244
1700;169778
1700;237256
1700;264149
1700;141572
1700;171600
1700;160312
1700;268906
1700;237908
1700;170324
1700;152898
1700;156071
1700;141774
1700;185812
1700;207694
1700;172428
1700;217448
1700;241548
1700;160246
1700;166815
1700;119984
1700;204112
1700;177436
1700;162819
1700;141256
1700;153742
1700;270886
1700;208095
1700;169023
1700;154766
1700;154394
1700;191470
1700;220268
1700;197176
1700;169292
1700;136581
1700;155048
1700;191544
1700;213016
1700;215580
1700;196348
1700;167142
1700;168268
1700;195230
1700;182470
1700;279641
1700;245891
1700;145593
1700;148468
1700;216495
1700;152196
1700;167730
1700;210019
1700;171188
1700;114996
1700;169404
1700;189994
1700;243865
1700;274921
1700;216074
1700;158274
1700;193128
1700;253690
1700;154686
1750;162554
1750;188396
1750;158619
1750;126426
1750;301220
1750;168760
1750;172559
1750;131966
1750;258648
1750;144692
1750;297127
1750;194834
1750;197264
1750;181313
1750;176008
1750;158606
1750;176120
1750;332184
1750;178788
1750;171244
1750;185872
1750;227600
1750;143990
1750;202412
1750;140112
1750;194302
1750;199684
1750;159302
1750;227652
1750;246204
1750;248102
1750;256500
1750;134994
1750;175242
1750;154844
1750;118633
1750;276080
1750;135072
1750;224080
1750;262970
1750;183880
1750;184146
1750;184324
1750;166270
1750;306540
1750;191248
1750;242776
1750;171862
1750;273767
1750;116478
1750;211681
1750;217956
1750;221923
1750;214746
1750;188784
1750;204774
1750;175766
1750;209168
1750;186111
1750;199379
1750;183981
1750;147766
1750;184156
1750;165092
1750;204266
1750;205800
1750;143686
1750;159575
1750;144380
1750;197128
1750;122822
1750;203101
1750;144646
1750;192994
1750;155370
1750;153452
1750;137118
1750;217002
1750;179678
1750;172964
1750;190446
1750;226474
1750;203544
1750;198326
1750;162786
1750;183090
1750;195214
1750;224034
1750;286914
1750;313424
1750;184328
1750;166794
1750;216412
1750;153568
1750;168166
1750;218274
1750;165702
1750;151628
1750;223390
1750;215840
1800;177709
1800;258812
1800;332586
1800;265198
1800;195942
1800;193340
1800;168819
1800;174402
1800;165444
1800;207788
1800;138048
1800;176170
1800;176332
1800;210512
1800;182878
1800;233546
1800;166652
1800;143338
1800;208550
1800;185654
1800;202629
1800;224689
1800;144474
1800;230122
1800;317512
1800;149306
1800;148008
1800;116210
1800;190240
1800;235572
1800;169746
1800;207562
1800;269470
1800;201761
1800;158850
1800;185383
1800;206450
1800;217212
1800;177118
1800;157748
1800;200790
1800;222832
1800;146476
1800;162170
1800;180114
1800;157388
1800;119816
1800;208096
1800;236645
1800;170328
1800;187802
1800;165730
1800;182687
1800;156270
1800;205038
1800;116140
1800;163252
1800;243410
1800;307370
1800;163947
1800;205680
1800;189848
1800;219178
1800;121726
1800;175814
1800;265358
1800;268530
1800;265795
1800;201885
1800;173792
1800;227986
1800;244742
1800;251328
1800;223362
1800;156934
1800;154452
1800;202704
1800;169204
1800;205608
1800;199778
1800;166424
1800;350233
1800;164962
1800;191817
1800;168754
1800;168056
1800;154024
1800;174059
1800;318384
1800;148760
1800;224405
1800;226364
1800;248136
1800;177756
1800;152982
1800;159298
1800;176154
1800;171381
1800;178660
1800;254150
1850;263790
1850;172753
1850;238220
1850;185750
1850;216760
1850;234982
1850;179761
1850;197114
1850;215254
1850;203859
1850;207462
1850;150792
1850;176497
1850;180220
1850;173820
1850;166678
1850;192376
1850;160978
1850;159778
1850;152878
1850;173621
1850;204392
1850;166694
1850;192808
1850;185539
1850;261370
1850;192303
1850;132148
1850;167700
1850;127804
1850;110504
1850;303822
1850;159753
1850;321708
1850;178580
1850;172862
1850;209552
1850;217226
1850;233430
1850;244598
1850;212266
1850;270064
1850;219008
1850;205938
1850;155726
1850;257414
1850;218740
1850;261454
1850;182612
1850;174375
1850;251340
1850;219050
1850;202728
1850;197216
1850;225780
1850;187202
1850;274192
1850;145988
1850;184157
1850;221388
1850;178528
1850;166108
1850;203094
1850;178864
1850;190423
1850;278144
1850;237586
1850;172402
1850;170266
1850;176972
1850;274294
1850;191635
1850;138598
1850;206442
1850;199914
1850;267150
1850;175300
1850;179400
1850;218154
1850;241640
1850;136532
1850;174404
1850;218964
1850;234600
1850;283028
1850;237798
1850;171669
1850;161534
1850;164722
1850;144102
1850;209372
1850;198810
1850;186418
1850;207734
1850;201866
1850;223512
1850;162286
1850;336826
1850;165116
1850;221572
1900;192570
1900;290092
1900;249578
1900;254802
1900;241692
1900;214546
1900;207188
1900;210032
1900;158821
1900;191587
1900;214739
1900;260994
1900;146036
1900;275632
1900;253210
1900;248960
1900;157630
1900;287406
1900;280642
1900;157612
1900;204182
1900;287408
1900;157544
1900;258928
1900;187762
1900;198316
1900;261080
1900;213848
1900;150762
1900;262258
1900;174832
1900;153842
1900;171242
1900;301286
1900;218686
1900;183714
1900;175544
1900;195080
1900;173854
1900;200902
1900;200728
1900;163686
1900;171440
1900;242122
1900;235173
1900;275626
1900;164085
1900;263146
1900;228044
1900;245422
1900;221462
1900;160580
1900;183654
1900;261864
1900;178916
1900;228754
1900;247012
1900;170638
1900;128484
1900;203476
1900;163583
1900;190440
1900;137814
1900;260858
1900;231664
1900;215989
1900;127666
1900;195438
1900;223786
1900;150427
1900;273354
1900;158288
1900;359542
1900;193944
1900;128835
1900;162020
1900;198069
1900;247852
1900;214552
1900;191416
1900;177080
1900;211670
1900;258144
1900;288536
1900;164032
1900;185764
1900;193868
1900;165006
1900;233192
1900;245066
1900;170646
1900;165089
1900;128666
1900;168756
1900;289148
1900;227234
1900;240390
1900;212274
1900;192648
1900;188578
1950;281756
1950;219226
1950;175342
1950;256664
1950;258896
1950;173635
1950;133759
1950;293586
1950;205393
1950;300118
1950;283104
1950;177858
1950;171156
1950;223108
1950;252384
1950;171752
1950;190522
1950;406068
1950;181882
1950;351532
1950;165918
1950;210612
1950;253586
1950;217306
1950;294574
1950;317776
1950;302474
1950;236118
1950;311708
1950;165296
1950;189588
1950;193626
1950;224332
1950;261600
1950;233650
1950;316262
1950;295038
1950;238686
1950;225416
1950;264234
1950;248946
1950;246118
1950;255678
1950;172066
1950;163170
1950;276960
1950;209314
1950;230778
1950;265740
1950;207304
1950;301516
1950;139564
1950;192348
1950;216489
1950;260308
1950;183078
1950;197184
1950;174502
1950;199038
1950;310028
1950;260450
1950;237682
1950;268063
1950;309038
1950;217774
1950;345772
1950;238688
1950;174632
1950;145916
1950;206430
1950;151766
1950;195454
1950;201566
1950;218860
1950;280530
1950;207360
1950;216960
1950;213542
1950;200926
1950;194924
1950;204066
1950;293894
1950;228748
1950;305630
1950;144219
1950;179822
1950;236086
1950;248648
1950;222194
1950;207846
1950;219494
1950;272224
1950;227946
1950;312643
1950;170680
1950;179222
1950;201392
1950;157918
1950;178624
1950;222920
2000;202058
2000;189536
2000;312128
2000;200598
2000;144140
2000;181612
2000;178200
2000;183346
2000;219198
2000;207795
2000;179222
2000;216064
2000;222650
2000;218874
2000;234522
2000;248856
2000;341326
2000;163274
2000;168464
2000;197172
2000;309186
2000;243896
2000;255602
2000;237228
2000;190468
2000;210114
2000;221952
2000;220536
2000;332820
2000;231998
2000;231584
2000;177366
2000;242386
2000;271794
2000;219036
2000;162132
2000;179224
2000;227944
2000;259938
2000;157622
2000;245996
2000;240568
2000;213938
2000;209581
2000;232836
2000;242284
2000;252506
2000;299440
2000;179702
2000;170476
2000;230904
2000;145754
2000;265002
2000;243894
2000;182860
2000;324850
2000;239902
2000;399376
2000;417242
2000;173488
2000;269678
2000;233068
2000;246078
2000;202274
2000;227246
2000;240206
2000;245224
2000;271068
2000;173786
2000;243770
2000;191554
2000;160238
2000;193910
2000;420680
2000;123272
2000;206380
2000;328980
2000;286244
2000;188420
2000;299594
2000;150274
2000;162376
2000;130480
2000;171306
2000;245610
2000;173982
2000;178134
2000;246034
2000;275536
2000;179842
2000;326576
2000;278802
2000;261856
2000;138494
2000;198552
2000;265072
2000;140964
2000;265246
2000;240584
2000;165978
