n;cover time
100;470
100;451
100;464
100;872
100;647
100;499
100;611
100;575
100;611
100;459
100;552
100;524
100;516
100;424
100;568
100;479
100;542
100;470
100;450
100;369
100;563
100;604
100;472
100;445
100;550
100;459
100;447
100;524
100;380
100;564
100;365
100;700
100;492
100;624
100;562
100;558
100;423
100;552
100;377
100;614
100;438
100;462
100;588
100;383
100;543
100;625
100;472
100;546
100;446
100;457
100;610
100;403
100;423
100;402
100;468
100;466
100;941
100;721
100;658
100;312
100;559
100;308
100;570
100;312
100;474
100;511
100;402
100;423
100;522
100;794
100;430
100;366
100;498
100;542
100;837
100;427
100;389
100;445
100;548
100;594
100;606
100;595
100;523
100;454
100;432
100;598
100;644
100;581
100;364
100;468
100;578
100;405
100;388
100;628
100;761
100;609
100;540
100;464
100;671
100;720
150;732
150;795
150;632
150;831
150;1110
150;1032
150;645
150;1149
150;521
150;627
150;719
150;1171
150;780
150;826
150;846
150;569
150;761
150;649
150;869
150;949
150;826
150;759
150;633
150;716
150;608
150;612
150;711
150;839
150;647
150;871
150;948
150;679
150;783
150;781
150;929
150;722
150;775
150;842
150;769
150;859
150;873
150;692
150;580
150;770
150;839
150;866
150;825
150;900
150;613
150;896
150;1296
150;810
150;512
150;738
150;715
150;707
150;945
150;870
150;641
150;963
150;696
150;984
150;1001
150;674
150;709
150;1057
150;915
150;754
150;858
150;665
150;1086
150;729
150;804
150;700
150;808
150;765
150;902
150;787
150;1100
150;1362
150;908
150;960
150;1082
150;658
150;1498
150;978
150;876
150;831
150;868
150;796
150;758
150;730
150;803
150;715
150;856
150;580
150;1040
150;664
150;1366
150;687
200;1258
200;1118
200;865
200;864
200;1122
200;1530
200;1004
200;1316
200;1498
200;1341
200;1538
200;862
200;1090
200;961
200;1773
200;1584
200;1071
200;1553
200;1122
200;1507
200;1302
200;1149
200;1758
200;978
200;993
200;1473
200;1134
200;1073
200;1408
200;1540
200;700
200;1733
200;966
200;894
200;1320
200;997
200;1263
200;1064
200;805
200;1212
200;1095
200;1171
200;1926
200;931
200;1637
200;703
200;1216
200;1376
200;1183
200;1451
200;1193
200;1923
200;1639
200;1072
200;1164
200;905
200;872
200;1138
200;974
200;817
200;945
200;931
200;1031
200;1083
200;786
200;1219
200;1394
200;1319
200;1693
200;1114
200;1108
200;951
200;942
200;1191
200;1015
200;1191
200;1096
200;966
200;1033
200;1000
200;1043
200;1215
200;818
200;1108
200;1378
200;1064
200;1284
200;1131
200;1293
200;967
200;893
200;1455
200;918
200;1100
200;1515
200;982
200;945
200;1118
200;1140
200;1491
250;1594
250;1215
250;1784
250;1460
250;1289
250;1413
250;1337
250;1392
250;1417
250;1599
250;1415
250;1435
250;1333
250;1164
250;1502
250;1693
250;1554
250;1941
250;1988
250;1654
250;2309
250;1209
250;1170
250;1464
250;1345
250;1459
250;1330
250;1447
250;1186
250;1340
250;1648
250;2017
250;2284
250;1595
250;1836
250;1217
250;2205
250;1397
250;1163
250;1471
250;1601
250;1674
250;2037
250;1979
250;1386
250;1507
250;1539
250;1884
250;1387
250;1298
250;1296
250;1217
250;1385
250;1861
250;1330
250;1628
250;1269
250;1989
250;1637
250;1918
250;1248
250;1255
250;1490
250;1312
250;1845
250;1600
250;1818
250;1608
250;1609
250;2148
250;1342
250;1521
250;1314
250;1300
250;1510
250;1116
250;1263
250;1264
250;1302
250;1292
250;1071
250;1671
250;1119
250;1432
250;1438
250;1627
250;1503
250;1752
250;1576
250;1153
250;1276
250;1311
250;1618
250;2004
250;1163
250;1217
250;1173
250;1939
250;1793
250;1663
300;1854
300;2289
300;1781
300;2930
300;1234
300;1485
300;1579
300;2276
300;1373
300;1960
300;1818
300;1743
300;1744
300;2315
300;2523
300;2053
300;2236
300;1645
300;1998
300;1934
300;2002
300;2308
300;1541
300;1491
300;1517
300;1526
300;2442
300;1591
300;1720
300;2030
300;2846
300;2567
300;1396
300;1624
300;1886
300;1834
300;1719
300;1649
300;1460
300;2398
300;1354
300;1798
300;1641
300;1864
300;1723
300;1393
300;2609
300;1468
300;1737
300;1804
300;1790
300;1545
300;2611
300;1917
300;1515
300;2390
300;2816
300;2001
300;2627
300;1845
300;1289
300;2137
300;1526
300;1453
300;1580
300;2049
300;1916
300;1717
300;2636
300;1692
300;2058
300;2306
300;1891
300;1405
300;1914
300;2256
300;1433
300;1501
300;2432
300;1891
300;2060
300;1888
300;1516
300;1973
300;1793
300;1755
300;2369
300;2416
300;1826
300;1286
300;1532
300;1330
300;1708
300;2640
300;1627
300;1984
300;1689
300;1718
300;2179
300;1652
350;2507
350;1798
350;2531
350;2266
350;2038
350;2253
350;2442
350;2285
350;1995
350;1949
350;1916
350;1771
350;1772
350;2106
350;2113
350;1873
350;2750
350;2098
350;2416
350;2393
350;2929
350;2161
350;2152
350;2575
350;2222
350;2732
350;1868
350;2978
350;1667
350;1763
350;1922
350;4054
350;1828
350;2335
350;1867
350;2578
350;2062
350;2068
350;2307
350;2085
350;2217
350;1634
350;1869
350;2385
350;2941
350;1697
350;1832
350;2236
350;1941
350;1755
350;1893
350;2295
350;2220
350;2685
350;2717
350;1666
350;2019
350;1615
350;2723
350;1799
350;2339
350;2107
350;1901
350;2474
350;1597
350;2249
350;2796
350;2518
350;2231
350;2265
350;1811
350;2181
350;2281
350;2018
350;2448
350;2369
350;2339
350;2417
350;1929
350;2746
350;1896
350;2712
350;2404
350;2197
350;2032
350;1755
350;1795
350;1862
350;1853
350;2326
350;1997
350;1681
350;3137
350;2840
350;1763
350;3182
350;2036
350;1820
350;1888
350;2659
400;2302
400;2458
400;1666
400;2531
400;2630
400;2158
400;1997
400;3507
400;2531
400;2387
400;2980
400;2009
400;2872
400;2675
400;1974
400;2243
400;2242
400;2012
400;3555
400;2396
400;2408
400;1950
400;2947
400;3249
400;1713
400;2033
400;2867
400;2534
400;2845
400;2421
400;2922
400;2415
400;2834
400;2605
400;3174
400;2603
400;2133
400;2596
400;2645
400;2543
400;2577
400;3107
400;2761
400;2427
400;2711
400;2245
400;2963
400;1985
400;3212
400;2216
400;4259
400;2614
400;3404
400;2288
400;2003
400;2825
400;2597
400;2004
400;2722
400;2229
400;2605
400;2268
400;2453
400;2368
400;2827
400;2590
400;2345
400;3285
400;2943
400;2346
400;2620
400;3053
400;2303
400;2566
400;2882
400;2234
400;2436
400;2312
400;2949
400;1952
400;3122
400;2487
400;2408
400;2158
400;2156
400;2223
400;2786
400;2213
400;2547
400;2214
400;2930
400;1870
400;4500
400;2024
400;2223
400;2776
400;2584
400;2473
400;2801
400;2223
450;3365
450;2526
450;2695
450;5117
450;2459
450;2442
450;2626
450;3283
450;2568
450;2488
450;2459
450;2569
450;4380
450;2433
450;3705
450;2456
450;2309
450;3354
450;2725
450;2506
450;3297
450;2757
450;2899
450;3362
450;3655
450;3706
450;2861
450;2357
450;2641
450;3176
450;2636
450;2910
450;2237
450;2687
450;3329
450;3638
450;2603
450;3627
450;3660
450;3769
450;2965
450;2761
450;2690
450;2611
450;3103
450;2932
450;3072
450;2804
450;2656
450;2805
450;3159
450;2898
450;3431
450;2851
450;2423
450;4992
450;2849
450;3792
450;3537
450;2779
450;2485
450;3445
450;2457
450;3803
450;2742
450;2599
450;2678
450;2499
450;2952
450;2782
450;2767
450;2318
450;2374
450;2973
450;3242
450;2719
450;2984
450;2370
450;4870
450;3448
450;2241
450;3642
450;2714
450;2750
450;5039
450;3203
450;2192
450;2743
450;3310
450;2896
450;2720
450;2687
450;2398
450;2927
450;3613
450;2436
450;3489
450;2782
450;3152
450;2751
500;4368
500;3147
500;4363
500;3007
500;3396
500;3420
500;3909
500;3494
500;3540
500;2664
500;3852
500;3220
500;3189
500;2952
500;3085
500;2542
500;3851
500;2525
500;3321
500;3677
500;3896
500;5511
500;3915
500;3762
500;6590
500;2892
500;3908
500;5582
500;3357
500;3289
500;3942
500;2824
500;3204
500;2879
500;3294
500;2193
500;2565
500;3163
500;4645
500;3549
500;3747
500;3874
500;2642
500;3183
500;2924
500;4034
500;4069
500;2753
500;2966
500;3410
500;3655
500;3188
500;3311
500;2528
500;2460
500;4173
500;2934
500;3504
500;3893
500;2877
500;3178
500;2938
500;3171
500;2581
500;2491
500;3683
500;3014
500;3593
500;3162
500;3188
500;2897
500;3272
500;3530
500;3345
500;2968
500;3456
500;2661
500;4268
500;3031
500;2972
500;2456
500;3722
500;3154
500;3116
500;2591
500;4608
500;3180
500;3726
500;3561
500;2759
500;2959
500;2666
500;3192
500;3439
500;2458
500;3980
500;3277
500;3916
500;3478
500;2747
550;4970
550;3924
550;2814
550;3125
550;4453
550;4718
550;4546
550;3788
550;3879
550;4278
550;4183
550;4968
550;3265
550;3112
550;4072
550;4164
550;3276
550;4490
550;4198
550;4339
550;4005
550;3935
550;3846
550;3120
550;4866
550;4336
550;3643
550;3131
550;3699
550;3906
550;4097
550;5329
550;3180
550;3209
550;2535
550;4390
550;3277
550;4217
550;3442
550;4555
550;3125
550;4034
550;4401
550;3564
550;3777
550;3556
550;3536
550;4122
550;3332
550;4180
550;3980
550;4576
550;4393
550;4313
550;3834
550;2903
550;4262
550;4796
550;4331
550;3084
550;3567
550;2920
550;3103
550;4680
550;5426
550;4002
550;3745
550;3623
550;3582
550;3512
550;4075
550;4265
550;4556
550;3649
550;4137
550;3983
550;5286
550;3911
550;3859
550;3397
550;3157
550;4777
550;4135
550;5722
550;5786
550;5023
550;4084
550;3843
550;4133
550;3297
550;3961
550;4871
550;4390
550;2877
550;2618
550;3717
550;2780
550;3667
550;3478
550;4180
600;5352
600;5005
600;4710
600;3404
600;4713
600;5160
600;4309
600;3905
600;4154
600;3267
600;3101
600;3531
600;2901
600;5947
600;5529
600;3412
600;4385
600;4017
600;5812
600;5609
600;3712
600;3947
600;2845
600;6044
600;3409
600;4987
600;5025
600;3729
600;3508
600;4130
600;3446
600;3216
600;3281
600;4119
600;4000
600;3501
600;3385
600;4582
600;3394
600;3845
600;5513
600;3835
600;4767
600;3879
600;4073
600;3038
600;3750
600;3935
600;3256
600;5660
600;4529
600;3711
600;4004
600;4570
600;3795
600;3809
600;4878
600;3791
600;3376
600;3242
600;3600
600;3455
600;3610
600;4352
600;7692
600;3355
600;4356
600;4178
600;5722
600;3814
600;3381
600;4264
600;3211
600;4030
600;4356
600;4536
600;4957
600;4476
600;4504
600;4977
600;3811
600;4379
600;4735
600;3777
600;4249
600;4295
600;4350
600;3284
600;3049
600;3536
600;4874
600;4091
600;6142
600;3773
600;3391
600;4911
600;3357
600;5541
600;4413
600;3634
650;3827
650;6034
650;4960
650;5555
650;3565
650;4528
650;4773
650;3829
650;4379
650;4511
650;5151
650;4109
650;4262
650;4683
650;6629
650;3819
650;3749
650;5529
650;4856
650;4805
650;4806
650;5104
650;4813
650;3957
650;4442
650;5099
650;3798
650;4404
650;5432
650;4532
650;4068
650;5210
650;3982
650;4279
650;4843
650;4674
650;4285
650;4795
650;5686
650;4669
650;3857
650;6355
650;3794
650;4594
650;3421
650;4526
650;4089
650;4215
650;3373
650;4637
650;4753
650;4293
650;4303
650;4567
650;4401
650;3136
650;3861
650;6020
650;5317
650;5883
650;4375
650;4609
650;3885
650;4653
650;4137
650;4097
650;3759
650;3416
650;4076
650;6031
650;3620
650;4755
650;3951
650;4823
650;4548
650;5153
650;5499
650;3863
650;3559
650;4031
650;3616
650;4951
650;4384
650;6616
650;4813
650;4063
650;5265
650;4639
650;4420
650;5148
650;5954
650;5243
650;4032
650;5302
650;6406
650;4970
650;3993
650;4059
650;4386
650;5018
700;4089
700;5749
700;4419
700;6534
700;4771
700;4912
700;3557
700;3841
700;5244
700;4535
700;5297
700;5226
700;4516
700;4117
700;4958
700;4484
700;5366
700;3851
700;4383
700;4551
700;4316
700;4454
700;4473
700;5090
700;4455
700;4286
700;5220
700;4374
700;4737
700;7200
700;3522
700;5379
700;3727
700;5234
700;3782
700;4893
700;4908
700;6049
700;4139
700;6657
700;4942
700;4262
700;6340
700;4406
700;4750
700;4813
700;4298
700;5415
700;4654
700;4255
700;4402
700;5684
700;4816
700;4680
700;4128
700;4361
700;5142
700;5957
700;5568
700;3538
700;4719
700;5380
700;3990
700;5079
700;5654
700;4169
700;5037
700;5566
700;4552
700;5640
700;4773
700;4695
700;5056
700;4743
700;6729
700;4410
700;3850
700;3884
700;5546
700;4804
700;4820
700;6786
700;4914
700;5178
700;4765
700;4101
700;5166
700;4527
700;5065
700;3907
700;4557
700;3767
700;4891
700;5837
700;4451
700;5294
700;4352
700;3923
700;4521
700;3535
750;5577
750;6095
750;4139
750;5047
750;5160
750;4405
750;6249
750;5213
750;4079
750;6320
750;4700
750;5593
750;6132
750;5128
750;4424
750;5935
750;5358
750;6930
750;5213
750;7086
750;3887
750;6511
750;4445
750;5237
750;5569
750;4175
750;4183
750;4001
750;4830
750;4799
750;5182
750;4573
750;5072
750;4080
750;6604
750;5260
750;5748
750;5847
750;5416
750;4557
750;5144
750;5044
750;4885
750;5007
750;5854
750;5644
750;6990
750;5313
750;5357
750;4622
750;6787
750;6489
750;4211
750;5403
750;4636
750;5078
750;6704
750;5778
750;5132
750;4635
750;5587
750;4764
750;4359
750;4500
750;6050
750;4500
750;5998
750;4751
750;5382
750;7405
750;5660
750;4883
750;7073
750;4865
750;6552
750;7366
750;5125
750;4980
750;4718
750;5531
750;4801
750;4544
750;5178
750;4791
750;5507
750;5511
750;5186
750;4210
750;5888
750;4678
750;4262
750;6489
750;4375
750;5240
750;5670
750;4571
750;5108
750;5351
750;5125
750;5587
800;8217
800;5559
800;6005
800;6549
800;6160
800;4499
800;5525
800;4775
800;4599
800;6395
800;5795
800;5368
800;4769
800;4341
800;4515
800;7131
800;8258
800;5072
800;6685
800;6023
800;6175
800;5734
800;5164
800;7702
800;6651
800;7752
800;4828
800;4731
800;6012
800;5525
800;5806
800;5100
800;7412
800;5313
800;6972
800;6362
800;5480
800;6689
800;6622
800;5081
800;5688
800;6527
800;4848
800;6658
800;7517
800;5143
800;5417
800;4732
800;4538
800;5884
800;6538
800;4515
800;5655
800;5941
800;6896
800;7769
800;5986
800;6509
800;5585
800;5497
800;7498
800;5197
800;5444
800;5818
800;5180
800;4295
800;6819
800;7186
800;7650
800;7989
800;5544
800;6405
800;5228
800;4768
800;5945
800;5421
800;6124
800;4848
800;7670
800;7638
800;5199
800;5594
800;6453
800;5231
800;6051
800;7013
800;7703
800;8263
800;5899
800;4753
800;6620
800;5395
800;7818
800;4514
800;5463
800;5269
800;7346
800;4696
800;4737
800;6437
850;6565
850;6137
850;6087
850;6552
850;6335
850;6335
850;5678
850;5827
850;5786
850;5711
850;5789
850;5568
850;5907
850;4750
850;6074
850;5682
850;6733
850;6003
850;7972
850;5489
850;4610
850;7192
850;5268
850;6578
850;5611
850;5495
850;6592
850;7550
850;5486
850;6509
850;5226
850;6586
850;6164
850;6623
850;6781
850;4959
850;10503
850;5787
850;7377
850;4834
850;7217
850;5882
850;7679
850;6132
850;5574
850;6039
850;5870
850;5142
850;4684
850;7124
850;5411
850;5403
850;4691
850;5329
850;6283
850;6538
850;5994
850;4850
850;5815
850;7367
850;5988
850;5412
850;5178
850;6856
850;5497
850;6503
850;7315
850;6497
850;7906
850;6398
850;5087
850;7563
850;5587
850;6097
850;4726
850;6529
850;5761
850;5903
850;6039
850;5892
850;6189
850;5456
850;4441
850;6983
850;5193
850;6568
850;7846
850;5531
850;7030
850;6430
850;4743
850;5123
850;6141
850;6359
850;5231
850;4883
850;6366
850;4749
850;6328
850;6520
900;6612
900;6178
900;7451
900;6115
900;6829
900;6325
900;8396
900;8670
900;8135
900;6118
900;6724
900;5889
900;10605
900;5874
900;6124
900;5510
900;5494
900;9989
900;7362
900;6145
900;5980
900;6305
900;7214
900;5585
900;7563
900;5723
900;5381
900;5599
900;6086
900;8299
900;6173
900;5599
900;9501
900;5604
900;4704
900;7145
900;5812
900;6056
900;5441
900;5283
900;6898
900;8013
900;5818
900;6512
900;7164
900;5796
900;5775
900;7701
900;8091
900;6013
900;5243
900;5482
900;7327
900;6969
900;7086
900;5452
900;7743
900;7754
900;6354
900;6596
900;7255
900;5504
900;4262
900;5565
900;6337
900;6134
900;6487
900;8103
900;6474
900;7728
900;6659
900;5813
900;7401
900;5707
900;5169
900;6565
900;5959
900;8114
900;6626
900;5789
900;5065
900;7768
900;7745
900;6310
900;6651
900;7477
900;7147
900;5889
900;7907
900;5986
900;5966
900;6360
900;6164
900;6383
900;7417
900;7095
900;8886
900;6687
900;5925
900;6165
950;6612
950;7201
950;6743
950;6409
950;6408
950;6934
950;6393
950;6215
950;8375
950;7641
950;6760
950;9068
950;6156
950;6710
950;7468
950;6417
950;9410
950;6673
950;6257
950;5843
950;6441
950;6558
950;6040
950;9218
950;6226
950;6639
950;5019
950;6537
950;7042
950;10149
950;6681
950;8889
950;6457
950;6695
950;6841
950;5551
950;7944
950;5798
950;6294
950;7106
950;7320
950;6692
950;6990
950;9006
950;6411
950;6273
950;9554
950;5386
950;5837
950;7572
950;6906
950;6348
950;8141
950;7308
950;5506
950;5683
950;6099
950;9017
950;6221
950;6017
950;7853
950;6945
950;6930
950;8678
950;7890
950;6035
950;7841
950;9285
950;7679
950;6292
950;7418
950;10606
950;7760
950;6211
950;8240
950;7917
950;6867
950;7236
950;7823
950;6347
950;5954
950;5880
950;6530
950;6829
950;8391
950;7592
950;8031
950;5942
950;5487
950;8480
950;8643
950;7773
950;4589
950;7228
950;7106
950;7154
950;6335
950;7957
950;9462
950;8990
1000;12497
1000;6637
1000;6243
1000;7859
1000;7683
1000;8803
1000;9507
1000;7485
1000;6554
1000;6842
1000;7223
1000;6245
1000;7286
1000;9079
1000;7732
1000;7558
1000;10132
1000;6087
1000;6501
1000;7303
1000;6165
1000;7785
1000;8246
1000;5439
1000;6412
1000;8529
1000;6637
1000;7447
1000;7084
1000;6728
1000;9362
1000;7831
1000;5889
1000;6740
1000;6253
1000;5512
1000;10053
1000;6690
1000;6798
1000;7648
1000;7841
1000;10023
1000;6389
1000;7322
1000;6783
1000;7309
1000;6699
1000;7450
1000;6696
1000;6616
1000;7543
1000;7483
1000;9612
1000;6816
1000;9511
1000;9129
1000;6236
1000;6400
1000;9663
1000;6258
1000;6849
1000;6201
1000;8105
1000;9790
1000;8209
1000;8505
1000;7443
1000;6655
1000;8127
1000;7715
1000;10487
1000;8388
1000;7422
1000;7541
1000;9805
1000;12936
1000;6233
1000;6763
1000;8701
1000;7976
1000;10786
1000;7295
1000;7007
1000;9618
1000;7098
1000;7113
1000;7902
1000;8132
1000;5680
1000;8200
1000;5152
1000;7541
1000;6547
1000;9980
1000;6033
1000;7970
1000;8974
1000;7682
1000;7321
1000;6552
1050;8992
1050;10278
1050;6390
1050;7976
1050;5856
1050;7997
1050;8546
1050;8843
1050;6469
1050;6498
1050;6367
1050;6055
1050;6443
1050;7353
1050;7668
1050;10553
1050;7268
1050;10633
1050;6976
1050;8947
1050;7020
1050;8294
1050;7615
1050;8045
1050;8864
1050;8520
1050;7762
1050;7687
1050;6181
1050;7338
1050;8608
1050;9032
1050;7048
1050;6285
1050;9683
1050;7709
1050;7336
1050;6599
1050;6988
1050;6584
1050;7302
1050;7819
1050;8218
1050;7633
1050;6218
1050;7998
1050;6553
1050;7058
1050;10524
1050;7689
1050;6896
1050;7672
1050;10374
1050;8657
1050;6311
1050;6689
1050;7528
1050;7317
1050;8756
1050;7776
1050;7141
1050;6994
1050;7606
1050;7546
1050;7382
1050;8194
1050;7245
1050;7067
1050;9794
1050;8673
1050;7647
1050;8731
1050;6553
1050;11673
1050;9900
1050;6872
1050;7418
1050;7913
1050;7424
1050;9389
1050;7935
1050;7460
1050;7584
1050;7316
1050;7137
1050;6244
1050;7116
1050;8279
1050;6241
1050;6489
1050;7570
1050;8871
1050;7891
1050;6785
1050;7324
1050;8420
1050;7582
1050;6530
1050;6556
1050;13154
1100;7018
1100;8373
1100;9308
1100;9289
1100;8646
1100;10328
1100;7601
1100;8991
1100;8999
1100;7718
1100;9524
1100;11257
1100;9536
1100;9436
1100;9205
1100;9095
1100;7351
1100;7741
1100;9408
1100;7239
1100;8190
1100;11667
1100;8191
1100;7128
1100;6953
1100;12851
1100;7130
1100;6246
1100;7576
1100;7924
1100;9132
1100;8857
1100;6625
1100;7564
1100;15150
1100;9550
1100;6991
1100;7744
1100;9062
1100;8248
1100;7030
1100;7589
1100;8042
1100;7553
1100;8905
1100;7385
1100;9473
1100;7402
1100;9350
1100;9513
1100;9157
1100;7497
1100;8958
1100;8908
1100;7769
1100;7537
1100;7439
1100;8900
1100;7537
1100;7150
1100;9405
1100;6961
1100;7814
1100;10727
1100;6580
1100;6565
1100;7498
1100;10915
1100;7438
1100;9076
1100;7643
1100;9720
1100;9727
1100;6254
1100;10395
1100;7522
1100;6301
1100;6838
1100;8103
1100;6481
1100;9435
1100;7060
1100;6296
1100;9077
1100;9849
1100;10492
1100;7974
1100;8038
1100;7815
1100;8305
1100;7690
1100;7979
1100;8254
1100;9359
1100;8554
1100;7383
1100;8774
1100;7873
1100;9927
1100;8579
1150;9447
1150;7789
1150;8308
1150;8168
1150;11101
1150;7997
1150;9429
1150;7327
1150;7668
1150;9289
1150;10843
1150;8536
1150;7418
1150;9564
1150;7674
1150;9327
1150;6881
1150;7920
1150;7517
1150;7562
1150;7353
1150;8091
1150;9436
1150;11325
1150;7375
1150;13325
1150;6461
1150;7509
1150;8321
1150;8381
1150;10535
1150;9483
1150;7998
1150;7440
1150;6920
1150;8471
1150;11979
1150;8345
1150;6866
1150;8269
1150;7537
1150;13361
1150;10363
1150;8530
1150;8825
1150;8007
1150;10542
1150;7359
1150;8871
1150;8852
1150;10895
1150;7795
1150;10274
1150;8983
1150;9068
1150;7741
1150;8829
1150;11275
1150;9759
1150;9095
1150;6983
1150;7677
1150;11073
1150;9072
1150;6352
1150;11455
1150;10078
1150;8208
1150;11953
1150;7502
1150;7223
1150;7862
1150;8001
1150;8304
1150;10558
1150;7293
1150;7957
1150;9232
1150;8669
1150;7498
1150;7761
1150;7283
1150;7594
1150;9070
1150;8772
1150;10348
1150;7616
1150;7783
1150;7344
1150;8222
1150;7048
1150;7929
1150;8076
1150;10827
1150;10052
1150;9413
1150;8007
1150;9540
1150;8923
1150;7117
1200;10377
1200;10522
1200;7602
1200;12371
1200;8429
1200;10630
1200;15271
1200;8849
1200;8803
1200;7888
1200;8641
1200;9180
1200;8353
1200;9515
1200;7701
1200;8929
1200;7858
1200;9803
1200;7146
1200;8869
1200;9908
1200;7172
1200;7973
1200;8846
1200;8185
1200;10747
1200;10907
1200;7248
1200;9274
1200;7382
1200;7570
1200;9182
1200;7938
1200;8325
1200;9494
1200;9215
1200;9933
1200;10746
1200;9666
1200;8789
1200;8164
1200;12085
1200;8028
1200;9407
1200;9695
1200;7550
1200;10979
1200;9925
1200;8525
1200;8140
1200;10075
1200;10481
1200;8842
1200;8080
1200;11640
1200;10031
1200;9260
1200;7172
1200;11995
1200;11505
1200;7402
1200;8982
1200;7944
1200;7846
1200;7271
1200;9306
1200;7411
1200;7800
1200;10788
1200;8660
1200;12133
1200;10873
1200;8198
1200;8001
1200;11369
1200;13643
1200;8247
1200;10849
1200;12146
1200;8207
1200;8081
1200;8694
1200;8370
1200;8533
1200;10233
1200;8860
1200;8934
1200;9449
1200;9116
1200;8981
1200;11146
1200;10336
1200;6847
1200;7861
1200;10490
1200;9409
1200;8045
1200;11298
1200;10662
1200;7850
1250;9608
1250;10604
1250;7623
1250;10053
1250;9324
1250;11311
1250;9988
1250;9192
1250;7848
1250;8615
1250;7441
1250;7793
1250;8536
1250;9257
1250;9617
1250;9500
1250;7706
1250;9554
1250;8800
1250;10282
1250;13252
1250;8353
1250;8859
1250;11789
1250;10365
1250;9811
1250;8869
1250;9126
1250;9419
1250;8021
1250;8669
1250;10745
1250;9877
1250;9477
1250;8176
1250;7932
1250;9377
1250;7329
1250;8005
1250;10108
1250;9739
1250;8051
1250;10378
1250;13793
1250;8207
1250;10872
1250;8512
1250;10950
1250;9439
1250;11331
1250;8289
1250;15723
1250;9077
1250;7569
1250;10073
1250;8191
1250;10850
1250;8202
1250;7486
1250;9247
1250;6967
1250;9109
1250;9260
1250;9172
1250;7818
1250;11563
1250;8063
1250;8686
1250;8437
1250;9019
1250;12922
1250;8987
1250;9953
1250;15443
1250;10028
1250;7663
1250;7705
1250;10077
1250;9616
1250;8071
1250;9885
1250;11893
1250;9206
1250;9481
1250;9452
1250;8280
1250;8047
1250;9505
1250;8208
1250;9418
1250;9828
1250;10793
1250;8991
1250;8588
1250;10918
1250;10285
1250;11972
1250;9245
1250;8153
1250;9674
1300;8558
1300;6708
1300;12986
1300;8565
1300;10310
1300;10579
1300;9144
1300;7720
1300;11178
1300;11198
1300;9608
1300;9680
1300;12277
1300;10569
1300;10516
1300;9660
1300;10371
1300;9513
1300;10530
1300;13431
1300;11463
1300;10938
1300;8638
1300;10223
1300;9896
1300;11713
1300;10798
1300;9252
1300;10018
1300;8655
1300;13076
1300;13213
1300;11663
1300;17612
1300;10601
1300;8421
1300;7407
1300;10228
1300;8197
1300;9155
1300;8995
1300;10281
1300;12181
1300;10476
1300;7876
1300;7877
1300;10410
1300;10121
1300;11437
1300;7756
1300;12497
1300;8825
1300;8813
1300;9206
1300;9874
1300;10084
1300;10891
1300;7927
1300;12148
1300;7725
1300;12473
1300;7184
1300;9382
1300;8680
1300;9682
1300;8585
1300;13891
1300;9130
1300;15263
1300;10417
1300;10284
1300;8755
1300;10217
1300;7761
1300;9045
1300;12105
1300;8365
1300;8995
1300;10846
1300;9588
1300;11358
1300;13922
1300;11180
1300;10724
1300;13098
1300;10252
1300;13059
1300;9149
1300;8706
1300;9862
1300;9384
1300;18041
1300;8313
1300;11834
1300;10388
1300;12677
1300;9083
1300;12085
1300;8566
1300;8984
1350;10796
1350;8614
1350;9630
1350;9449
1350;10584
1350;10333
1350;12771
1350;11116
1350;10640
1350;8895
1350;10339
1350;8929
1350;8510
1350;9054
1350;10534
1350;10105
1350;12454
1350;11148
1350;13192
1350;9274
1350;10950
1350;10251
1350;9096
1350;10457
1350;8798
1350;9610
1350;8759
1350;9836
1350;10317
1350;11428
1350;10466
1350;10943
1350;10642
1350;10513
1350;10653
1350;11150
1350;12177
1350;11912
1350;9762
1350;8790
1350;9386
1350;12944
1350;11927
1350;11033
1350;12661
1350;11263
1350;8986
1350;11210
1350;11717
1350;10714
1350;13061
1350;10841
1350;8816
1350;9570
1350;12135
1350;9476
1350;10323
1350;10211
1350;10960
1350;8940
1350;11056
1350;10209
1350;17889
1350;8915
1350;8289
1350;10357
1350;12777
1350;7877
1350;9537
1350;11401
1350;10159
1350;10427
1350;9121
1350;7921
1350;11318
1350;11440
1350;8689
1350;9387
1350;12222
1350;9497
1350;9488
1350;7392
1350;8052
1350;9080
1350;11070
1350;10373
1350;9772
1350;9382
1350;8079
1350;10452
1350;10436
1350;9558
1350;8417
1350;8499
1350;9918
1350;12414
1350;10461
1350;11187
1350;12173
1350;10795
1400;8879
1400;11511
1400;11066
1400;11131
1400;10104
1400;9201
1400;9538
1400;14749
1400;13426
1400;12290
1400;12320
1400;10994
1400;11018
1400;9754
1400;10979
1400;10828
1400;12854
1400;8497
1400;9364
1400;8689
1400;11380
1400;10201
1400;12329
1400;12645
1400;11078
1400;9470
1400;12100
1400;14070
1400;10063
1400;12117
1400;10156
1400;11909
1400;14330
1400;9485
1400;14453
1400;9605
1400;9614
1400;11820
1400;10745
1400;10358
1400;13217
1400;10344
1400;9935
1400;9994
1400;8779
1400;13951
1400;12919
1400;10107
1400;10934
1400;13048
1400;9386
1400;10892
1400;10902
1400;8893
1400;9690
1400;10601
1400;9317
1400;10425
1400;11333
1400;12400
1400;12209
1400;11064
1400;10475
1400;13021
1400;10164
1400;10232
1400;13972
1400;10506
1400;8865
1400;10521
1400;7651
1400;10396
1400;9416
1400;11814
1400;10857
1400;8671
1400;10386
1400;10948
1400;9951
1400;14651
1400;13340
1400;9014
1400;9819
1400;9579
1400;8717
1400;11757
1400;11720
1400;14753
1400;10394
1400;11405
1400;10769
1400;13011
1400;11117
1400;13143
1400;13332
1400;8533
1400;11061
1400;9860
1400;11307
1400;9962
1450;10985
1450;13768
1450;9962
1450;12767
1450;10045
1450;11462
1450;16192
1450;12368
1450;8456
1450;12905
1450;8673
1450;9324
1450;11388
1450;10281
1450;10810
1450;9006
1450;11216
1450;14377
1450;9494
1450;8994
1450;11341
1450;10730
1450;10258
1450;9777
1450;11368
1450;10106
1450;10743
1450;10584
1450;12916
1450;10605
1450;11063
1450;9766
1450;10760
1450;9846
1450;10473
1450;9706
1450;12807
1450;11471
1450;12107
1450;13786
1450;12003
1450;8265
1450;9394
1450;15688
1450;12646
1450;9573
1450;13342
1450;10383
1450;12379
1450;12439
1450;8823
1450;10519
1450;10349
1450;12415
1450;16173
1450;13399
1450;17617
1450;12598
1450;13350
1450;11841
1450;11976
1450;12520
1450;10326
1450;13361
1450;15734
1450;10171
1450;8490
1450;10521
1450;12139
1450;13251
1450;11510
1450;10036
1450;10491
1450;9845
1450;10444
1450;10711
1450;20995
1450;10260
1450;7270
1450;10635
1450;13010
1450;10396
1450;9685
1450;10216
1450;11259
1450;12506
1450;9052
1450;15247
1450;14964
1450;11235
1450;13285
1450;11664
1450;9194
1450;11139
1450;11468
1450;12355
1450;9381
1450;11663
1450;9012
1450;11369
1500;11260
1500;11149
1500;10537
1500;15021
1500;11605
1500;11799
1500;10380
1500;11050
1500;10680
1500;9634
1500;12757
1500;9316
1500;16839
1500;11824
1500;9945
1500;10912
1500;14307
1500;11524
1500;11300
1500;10902
1500;12777
1500;10367
1500;9640
1500;10356
1500;15167
1500;8751
1500;14337
1500;12790
1500;13164
1500;10444
1500;13234
1500;10160
1500;10166
1500;11471
1500;9956
1500;11181
1500;9442
1500;10109
1500;11589
1500;10957
1500;9359
1500;9764
1500;10581
1500;12261
1500;13471
1500;11244
1500;10657
1500;10459
1500;11852
1500;11359
1500;12550
1500;12346
1500;12475
1500;8930
1500;13381
1500;10951
1500;14348
1500;11664
1500;8462
1500;11418
1500;9577
1500;10736
1500;13039
1500;13136
1500;14020
1500;9485
1500;13660
1500;13611
1500;13067
1500;13886
1500;10245
1500;9964
1500;8913
1500;9265
1500;11934
1500;11306
1500;11573
1500;11184
1500;9627
1500;12662
1500;10826
1500;14738
1500;12065
1500;10193
1500;11755
1500;10888
1500;9958
1500;11981
1500;12540
1500;11446
1500;10804
1500;10221
1500;11850
1500;13645
1500;10876
1500;10957
1500;15263
1500;8435
1500;9254
1500;11229
1550;10658
1550;12993
1550;9012
1550;12057
1550;10223
1550;11276
1550;11009
1550;10658
1550;11262
1550;10959
1550;13281
1550;12108
1550;13548
1550;13201
1550;10558
1550;12136
1550;9779
1550;11746
1550;13390
1550;9784
1550;9224
1550;11714
1550;11688
1550;13264
1550;13795
1550;11659
1550;12897
1550;12221
1550;12267
1550;11384
1550;11752
1550;10427
1550;11294
1550;12901
1550;14214
1550;13956
1550;13772
1550;11690
1550;10180
1550;12184
1550;12092
1550;12649
1550;10463
1550;10918
1550;14045
1550;12238
1550;11074
1550;10814
1550;18740
1550;9324
1550;14004
1550;15233
1550;14180
1550;12659
1550;12769
1550;14478
1550;12213
1550;10805
1550;12690
1550;9841
1550;13550
1550;11074
1550;18115
1550;10234
1550;11655
1550;10823
1550;11339
1550;9144
1550;11486
1550;15230
1550;16607
1550;9762
1550;18620
1550;11716
1550;12481
1550;11810
1550;20016
1550;11090
1550;11004
1550;12159
1550;10812
1550;11963
1550;11051
1550;9925
1550;10719
1550;12727
1550;9152
1550;11816
1550;15782
1550;16174
1550;10623
1550;10263
1550;14607
1550;13275
1550;13233
1550;13694
1550;10354
1550;11696
1550;11331
1550;10593
1600;11291
1600;10103
1600;11256
1600;14912
1600;13419
1600;9625
1600;15004
1600;12530
1600;13057
1600;11887
1600;14986
1600;9900
1600;12750
1600;12945
1600;12322
1600;14308
1600;16929
1600;9148
1600;14227
1600;12457
1600;15081
1600;12360
1600;13411
1600;11760
1600;14684
1600;11739
1600;13175
1600;11647
1600;12304
1600;11655
1600;13947
1600;13235
1600;11828
1600;17498
1600;12923
1600;13542
1600;11451
1600;11740
1600;11932
1600;12001
1600;12687
1600;15811
1600;17263
1600;13054
1600;17967
1600;11582
1600;12851
1600;12199
1600;10036
1600;14344
1600;11682
1600;13438
1600;9486
1600;13475
1600;12588
1600;10404
1600;9123
1600;14444
1600;13784
1600;12825
1600;13260
1600;12488
1600;12736
1600;17409
1600;15890
1600;10907
1600;16920
1600;13270
1600;12391
1600;14447
1600;11401
1600;11931
1600;13819
1600;13681
1600;14734
1600;12082
1600;13292
1600;11884
1600;14164
1600;18857
1600;14228
1600;16471
1600;17193
1600;12484
1600;10345
1600;11395
1600;14084
1600;10347
1600;10661
1600;9887
1600;12944
1600;10531
1600;10659
1600;10854
1600;10428
1600;10642
1600;11824
1600;13895
1600;13069
1600;8879
1650;12720
1650;10940
1650;16295
1650;15269
1650;15897
1650;11840
1650;10593
1650;10425
1650;15809
1650;13517
1650;13650
1650;11525
1650;11570
1650;11746
1650;15075
1650;14265
1650;12158
1650;14581
1650;11947
1650;10467
1650;11817
1650;14005
1650;12261
1650;10140
1650;12293
1650;14179
1650;14296
1650;12309
1650;16528
1650;17655
1650;10306
1650;20577
1650;13677
1650;12541
1650;12304
1650;15340
1650;15109
1650;10926
1650;13408
1650;15995
1650;14982
1650;12503
1650;14631
1650;13578
1650;9635
1650;11360
1650;14966
1650;13458
1650;11181
1650;13527
1650;11284
1650;13565
1650;12748
1650;13465
1650;10189
1650;12244
1650;11509
1650;11060
1650;17162
1650;18936
1650;13129
1650;12245
1650;10986
1650;15140
1650;14141
1650;12262
1650;14577
1650;12111
1650;14461
1650;13840
1650;12318
1650;11226
1650;11363
1650;13842
1650;13345
1650;10471
1650;11630
1650;11922
1650;12967
1650;12548
1650;12658
1650;17331
1650;14806
1650;14540
1650;12106
1650;12273
1650;12945
1650;12621
1650;12943
1650;16479
1650;13238
1650;17952
1650;13563
1650;12128
1650;17182
1650;16708
1650;13676
1650;11236
1650;11172
1650;13487
1700;11554
1700;13073
1700;11893
1700;12771
1700;15184
1700;15074
1700;11393
1700;13461
1700;21052
1700;14741
1700;13314
1700;11167
1700;14687
1700;13554
1700;11509
1700;13669
1700;16557
1700;11530
1700;10357
1700;10034
1700;13193
1700;12701
1700;12008
1700;11631
1700;12601
1700;18922
1700;12466
1700;13766
1700;13962
1700;12150
1700;12890
1700;16524
1700;14010
1700;14973
1700;16581
1700;11573
1700;19054
1700;14535
1700;12007
1700;13635
1700;15696
1700;20812
1700;12324
1700;15923
1700;13340
1700;13030
1700;18021
1700;11479
1700;10014
1700;15566
1700;11921
1700;13163
1700;13807
1700;12238
1700;12386
1700;11194
1700;13756
1700;13167
1700;18345
1700;13192
1700;16027
1700;16704
1700;12127
1700;12185
1700;13415
1700;12930
1700;11363
1700;14270
1700;11997
1700;23643
1700;14531
1700;11991
1700;12816
1700;15852
1700;12515
1700;13266
1700;13013
1700;10309
1700;14165
1700;11150
1700;12909
1700;13856
1700;14603
1700;11241
1700;15384
1700;14310
1700;12397
1700;14640
1700;14505
1700;13710
1700;12429
1700;11666
1700;12574
1700;13169
1700;9458
1700;16996
1700;12618
1700;14497
1700;11840
1700;14453
1750;14531
1750;11179
1750;13909
1750;16168
1750;13290
1750;13972
1750;18480
1750;13191
1750;15848
1750;19395
1750;14604
1750;16207
1750;10174
1750;13871
1750;14037
1750;12568
1750;13199
1750;12487
1750;14025
1750;16958
1750;14542
1750;12074
1750;14611
1750;18108
1750;12532
1750;10615
1750;11382
1750;12397
1750;9797
1750;11591
1750;13152
1750;18329
1750;17330
1750;11146
1750;18276
1750;21275
1750;11608
1750;14209
1750;13082
1750;16754
1750;14006
1750;21890
1750;12042
1750;12698
1750;12091
1750;19625
1750;14169
1750;11742
1750;16424
1750;13353
1750;13203
1750;11364
1750;14199
1750;13575
1750;13188
1750;12278
1750;12689
1750;12757
1750;15136
1750;12578
1750;16581
1750;17205
1750;15598
1750;13786
1750;12070
1750;11268
1750;12124
1750;12650
1750;16420
1750;12360
1750;14901
1750;12160
1750;12770
1750;14605
1750;11872
1750;14004
1750;17412
1750;13157
1750;13739
1750;12337
1750;13779
1750;14923
1750;13255
1750;14113
1750;15653
1750;18346
1750;14709
1750;13699
1750;11934
1750;13573
1750;18052
1750;14081
1750;13466
1750;13229
1750;11700
1750;13688
1750;10406
1750;10711
1750;13787
1750;16216
1800;11536
1800;12655
1800;13503
1800;13433
1800;11024
1800;12825
1800;12735
1800;15581
1800;13965
1800;15147
1800;15451
1800;12837
1800;15499
1800;15062
1800;19697
1800;11702
1800;17294
1800;12845
1800;14235
1800;11948
1800;14155
1800;15660
1800;16825
1800;15723
1800;13097
1800;17332
1800;18739
1800;14540
1800;14409
1800;15749
1800;16197
1800;15676
1800;11975
1800;13105
1800;18370
1800;15818
1800;14216
1800;17358
1800;15742
1800;13727
1800;14366
1800;11983
1800;13122
1800;14143
1800;16279
1800;11325
1800;13605
1800;14567
1800;14816
1800;13175
1800;15038
1800;12494
1800;17780
1800;13798
1800;17212
1800;12203
1800;24392
1800;13546
1800;14676
1800;14345
1800;17947
1800;13360
1800;18184
1800;16498
1800;17215
1800;13160
1800;13814
1800;13238
1800;17097
1800;12027
1800;11353
1800;11843
1800;14542
1800;17070
1800;16180
1800;13114
1800;15337
1800;10414
1800;12710
1800;13006
1800;13509
1800;16636
1800;12782
1800;15133
1800;17040
1800;14657
1800;13434
1800;14629
1800;14787
1800;14028
1800;13358
1800;18025
1800;12668
1800;15858
1800;13821
1800;14200
1800;13909
1800;13452
1800;15959
1800;13879
1850;12802
1850;13903
1850;13757
1850;16535
1850;13468
1850;17658
1850;15281
1850;12060
1850;20847
1850;13106
1850;14182
1850;14449
1850;12920
1850;14748
1850;17065
1850;14335
1850;12466
1850;13155
1850;15235
1850;18284
1850;13780
1850;13404
1850;13301
1850;13297
1850;15392
1850;12652
1850;14067
1850;14194
1850;20365
1850;13767
1850;15856
1850;23843
1850;14102
1850;14975
1850;18783
1850;15639
1850;11065
1850;14448
1850;12088
1850;13604
1850;14566
1850;14120
1850;11347
1850;16709
1850;13152
1850;12183
1850;14671
1850;12286
1850;16019
1850;12240
1850;18784
1850;16566
1850;14345
1850;13084
1850;17088
1850;15963
1850;16771
1850;16500
1850;16085
1850;13825
1850;12678
1850;16943
1850;13854
1850;16725
1850;15496
1850;13885
1850;14874
1850;14814
1850;14011
1850;15374
1850;16735
1850;12442
1850;14948
1850;15704
1850;12981
1850;14177
1850;17609
1850;17622
1850;15005
1850;11629
1850;12913
1850;15160
1850;15918
1850;15871
1850;12532
1850;14827
1850;12495
1850;12644
1850;14201
1850;11095
1850;17379
1850;13018
1850;13281
1850;14619
1850;13950
1850;14438
1850;14001
1850;14031
1850;14583
1850;11782
1900;13648
1900;21903
1900;14116
1900;17301
1900;13153
1900;15898
1900;12753
1900;14757
1900;14671
1900;16895
1900;18224
1900;16252
1900;14998
1900;15265
1900;22081
1900;12395
1900;17091
1900;12381
1900;22422
1900;13469
1900;15434
1900;14405
1900;20143
1900;14590
1900;14223
1900;16236
1900;18749
1900;15524
1900;21467
1900;12714
1900;12666
1900;12625
1900;13639
1900;15288
1900;14020
1900;14814
1900;15189
1900;15277
1900;15917
1900;15720
1900;13018
1900;13717
1900;16598
1900;14623
1900;17972
1900;13011
1900;17032
1900;13206
1900;12928
1900;15364
1900;12174
1900;25040
1900;13519
1900;12428
1900;15241
1900;12431
1900;13882
1900;26687
1900;22075
1900;12805
1900;14464
1900;13668
1900;13444
1900;20895
1900;14408
1900;14954
1900;16183
1900;18722
1900;12730
1900;15262
1900;13850
1900;16649
1900;17081
1900;15997
1900;12265
1900;14799
1900;15561
1900;17626
1900;17016
1900;16389
1900;15820
1900;20437
1900;13433
1900;13197
1900;18176
1900;13784
1900;11640
1900;16219
1900;13121
1900;14992
1900;16198
1900;16237
1900;12333
1900;14216
1900;13503
1900;14775
1900;12951
1900;14660
1900;14635
1900;14170
1950;13142
1950;15989
1950;18439
1950;13046
1950;15913
1950;14083
1950;14242
1950;12484
1950;17163
1950;18344
1950;15796
1950;14871
1950;16177
1950;15353
1950;16697
1950;16392
1950;14354
1950;15419
1950;13627
1950;14810
1950;14138
1950;13281
1950;15523
1950;12204
1950;18124
1950;16259
1950;15261
1950;16582
1950;25918
1950;17355
1950;17786
1950;17728
1950;20438
1950;17732
1950;18401
1950;17029
1950;13519
1950;18982
1950;15348
1950;15162
1950;16629
1950;14498
1950;17374
1950;15920
1950;15542
1950;18610
1950;14746
1950;17390
1950;14376
1950;14355
1950;13565
1950;15241
1950;17317
1950;15075
1950;14721
1950;17716
1950;15371
1950;15561
1950;17208
1950;15942
1950;15252
1950;15178
1950;15774
1950;12242
1950;14822
1950;15434
1950;18141
1950;18849
1950;13137
1950;15802
1950;14791
1950;14930
1950;13171
1950;15995
1950;15181
1950;18017
1950;11833
1950;12907
1950;14886
1950;18658
1950;19968
1950;18366
1950;16223
1950;14216
1950;16358
1950;19582
1950;17531
1950;13466
1950;13029
1950;14204
1950;19360
1950;16027
1950;20263
1950;12631
1950;18185
1950;15924
1950;16579
1950;14900
1950;13933
1950;15855
2000;15441
2000;18941
2000;14908
2000;14327
2000;14414
2000;15676
2000;22292
2000;16620
2000;15376
2000;18521
2000;16221
2000;16737
2000;14507
2000;15460
2000;24167
2000;18244
2000;23290
2000;15381
2000;13717
2000;12293
2000;19860
2000;16863
2000;13188
2000;14888
2000;14908
2000;17420
2000;17757
2000;20137
2000;14589
2000;13458
2000;18789
2000;16445
2000;13147
2000;17218
2000;22320
2000;15501
2000;23344
2000;13947
2000;17496
2000;20943
2000;21920
2000;14206
2000;18751
2000;18945
2000;12456
2000;14485
2000;14506
2000;14003
2000;14202
2000;19147
2000;15566
2000;22698
2000;17975
2000;16061
2000;16961
2000;17205
2000;16751
2000;13811
2000;14261
2000;14273
2000;18548
2000;17084
2000;13742
2000;12530
2000;30765
2000;16194
2000;15576
2000;15815
2000;22175
2000;14340
2000;13340
2000;16776
2000;16275
2000;15626
2000;17622
2000;14652
2000;17876
2000;13146
2000;14486
2000;20471
2000;16008
2000;18954
2000;14525
2000;19910
2000;18716
2000;14214
2000;16552
2000;15339
2000;17782
2000;16764
2000;18335
2000;14743
2000;15259
2000;16590
2000;14585
2000;13473
2000;15465
2000;15047
2000;16345
2000;12304
