n;cover time
100;2891
100;18077
100;14085
100;3001
100;3557
100;4109
100;5371
100;8243
100;3439
100;8625
100;3279
100;5841
100;1717
100;4371
100;4559
100;3763
100;9319
100;7175
100;6183
100;15511
100;14697
100;6931
100;4139
100;3667
100;18657
100;3617
100;4531
100;9995
100;4279
100;10975
100;9521
100;9003
100;3913
100;24667
100;5351
100;25859
100;2331
100;7311
100;22301
100;3743
100;22865
100;44419
100;5871
100;10833
100;7761
100;5361
100;12829
100;16255
100;3313
100;9577
100;5231
100;7617
100;20153
100;3903
100;8015
100;3607
100;16449
100;1053
100;4025
100;12365
100;5505
100;12319
100;4091
100;11265
100;2669
100;6505
100;15229
100;19321
100;8287
100;16989
100;3187
100;2589
100;5715
100;1921
100;1495
100;6137
100;5803
100;27487
100;10463
100;20847
100;1735
100;3901
100;4475
100;4069
100;21207
100;7339
100;4071
100;3793
100;9589
100;12161
100;31917
100;9835
100;2705
100;14353
100;12497
100;5139
100;28297
100;7061
100;4851
100;11845
150;5355
150;7527
150;12559
150;3961
150;12049
150;69207
150;39485
150;19033
150;4339
150;25287
150;30365
150;17383
150;34307
150;25333
150;6313
150;7989
150;6273
150;40755
150;4807
150;33657
150;17893
150;7171
150;20333
150;7365
150;5059
150;42681
150;4537
150;11625
150;25561
150;50911
150;57019
150;4073
150;23975
150;2889
150;24311
150;16013
150;31323
150;25035
150;5621
150;4933
150;27099
150;66343
150;11047
150;39081
150;15163
150;9477
150;7055
150;24661
150;12467
150;11833
150;4203
150;47723
150;19749
150;35525
150;45203
150;7879
150;22043
150;27213
150;3893
150;20621
150;5741
150;13457
150;7725
150;52747
150;13817
150;53887
150;5671
150;48631
150;10159
150;10877
150;8997
150;6135
150;15575
150;9745
150;47187
150;104747
150;21839
150;23317
150;13515
150;74801
150;15267
150;9783
150;18911
150;23171
150;27591
150;15321
150;6295
150;37181
150;35797
150;16245
150;71099
150;37129
150;7161
150;40485
150;8197
150;15705
150;29941
150;11411
150;7035
150;10073
200;13793
200;21439
200;22161
200;44091
200;12813
200;67427
200;22877
200;54841
200;6397
200;27283
200;69045
200;39427
200;77793
200;42667
200;21563
200;44985
200;22273
200;117543
200;32633
200;150831
200;30113
200;15615
200;6801
200;45865
200;33715
200;17427
200;122537
200;10361
200;108345
200;2469
200;59179
200;119455
200;9373
200;29403
200;32433
200;25381
200;29695
200;9971
200;36163
200;18843
200;30633
200;45925
200;28179
200;12315
200;11603
200;23513
200;58373
200;67847
200;15299
200;6527
200;16525
200;32033
200;68195
200;54705
200;23399
200;16207
200;27683
200;23099
200;40441
200;51827
200;18083
200;8593
200;81927
200;11817
200;28205
200;67531
200;53867
200;20961
200;57173
200;35481
200;56447
200;77599
200;46757
200;30937
200;8271
200;12523
200;57325
200;53279
200;14695
200;49967
200;71467
200;139359
200;48461
200;47807
200;51139
200;47563
200;9381
200;62677
200;47781
200;105911
200;34883
200;16141
200;25519
200;27343
200;8283
200;9829
200;10695
200;39915
200;7569
200;8429
250;94519
250;30493
250;12867
250;90403
250;55933
250;52041
250;39697
250;92861
250;26307
250;25077
250;44225
250;73073
250;52835
250;79889
250;95803
250;29973
250;188903
250;54569
250;53505
250;30821
250;64413
250;55671
250;32127
250;32167
250;120445
250;304341
250;38561
250;14711
250;134531
250;77409
250;42505
250;64109
250;68317
250;106897
250;45303
250;33173
250;129851
250;42059
250;39441
250;53975
250;79107
250;17615
250;90871
250;57967
250;72683
250;18679
250;169213
250;16619
250;25089
250;18535
250;57043
250;55781
250;12969
250;130781
250;32031
250;22877
250;148511
250;38565
250;13723
250;53221
250;30659
250;37623
250;67759
250;18389
250;33803
250;146659
250;107479
250;91239
250;115531
250;44717
250;81925
250;20579
250;16081
250;64281
250;53961
250;43563
250;236761
250;84133
250;86133
250;29661
250;20413
250;15805
250;191341
250;57525
250;52461
250;68805
250;132599
250;24799
250;263319
250;35855
250;85411
250;19217
250;105553
250;102977
250;74729
250;98189
250;145777
250;5251
250;22743
250;53157
300;35905
300;30653
300;15947
300;213771
300;34429
300;189593
300;105839
300;45833
300;87583
300;89597
300;18287
300;202859
300;81135
300;31243
300;20321
300;54569
300;87879
300;61639
300;78445
300;203239
300;55679
300;21891
300;56975
300;56131
300;70291
300;141557
300;54759
300;30077
300;118495
300;112001
300;91879
300;170939
300;29743
300;63289
300;104987
300;93499
300;131897
300;237553
300;223833
300;67503
300;220887
300;33887
300;98511
300;120949
300;167829
300;25283
300;46921
300;29187
300;57285
300;272641
300;150429
300;127599
300;51531
300;69043
300;126841
300;94079
300;130085
300;12129
300;99999
300;46699
300;103067
300;78659
300;91501
300;60363
300;45583
300;459125
300;25379
300;85753
300;90775
300;88737
300;8627
300;35061
300;87149
300;166481
300;134343
300;31255
300;319429
300;221765
300;115217
300;17807
300;96163
300;9969
300;17905
300;44185
300;41267
300;18561
300;97313
300;49385
300;75213
300;92605
300;32937
300;149429
300;88173
300;31369
300;16897
300;502223
300;31851
300;412761
300;329763
300;15685
350;21573
350;66055
350;54447
350;82767
350;131957
350;30233
350;36301
350;135415
350;122027
350;204405
350;240977
350;87273
350;351709
350;24537
350;88595
350;23701
350;19937
350;40679
350;26245
350;136321
350;39115
350;53961
350;103893
350;46169
350;143615
350;142767
350;24385
350;74327
350;256091
350;108771
350;75721
350;55875
350;184531
350;81597
350;144605
350;105737
350;78175
350;97503
350;296129
350;36705
350;92811
350;75935
350;57617
350;126585
350;117979
350;120913
350;53321
350;252485
350;154215
350;47045
350;286971
350;118349
350;55487
350;498527
350;194343
350;64571
350;234383
350;91199
350;37039
350;227927
350;59731
350;74643
350;144463
350;71363
350;73177
350;47847
350;92917
350;108727
350;34929
350;135179
350;214871
350;115297
350;25395
350;240163
350;38123
350;135439
350;37295
350;61057
350;368621
350;25431
350;45519
350;186129
350;35113
350;72429
350;170903
350;96013
350;121909
350;87383
350;130765
350;49367
350;82827
350;125487
350;122643
350;42607
350;105907
350;51857
350;12673
350;237977
350;65815
350;121357
400;110621
400;28539
400;240505
400;199897
400;60857
400;36109
400;125961
400;34801
400;56915
400;91459
400;47185
400;238569
400;326471
400;65671
400;346207
400;177193
400;215467
400;362431
400;53533
400;171737
400;196173
400;86531
400;305153
400;192139
400;542695
400;39423
400;283649
400;445121
400;35925
400;164071
400;148427
400;58041
400;34023
400;124949
400;104773
400;145695
400;55503
400;262859
400;71967
400;91517
400;54667
400;243795
400;145557
400;93465
400;92745
400;68179
400;57809
400;139271
400;148383
400;72085
400;45367
400;109383
400;181535
400;40193
400;171307
400;142159
400;296283
400;112859
400;109511
400;118723
400;69775
400;418525
400;46871
400;128669
400;208975
400;147471
400;353957
400;391981
400;208057
400;71729
400;754549
400;66275
400;75797
400;439125
400;122123
400;146083
400;56901
400;61201
400;54939
400;169535
400;24411
400;533099
400;313297
400;80845
400;134535
400;65155
400;528981
400;236861
400;96667
400;31495
400;97333
400;154695
400;58345
400;122171
400;72403
400;106575
400;50137
400;86323
400;39159
400;43119
450;109175
450;45681
450;145161
450;141453
450;152619
450;413391
450;184743
450;166415
450;221119
450;111557
450;280367
450;401579
450;274445
450;363427
450;404867
450;45391
450;223263
450;44847
450;233629
450;108275
450;581059
450;447747
450;118889
450;88907
450;260979
450;96919
450;113723
450;1121497
450;82697
450;183573
450;33947
450;227389
450;140997
450;128185
450;311417
450;149165
450;515959
450;39971
450;461473
450;36101
450;352085
450;306793
450;182839
450;192527
450;118679
450;181539
450;208757
450;192175
450;108901
450;336905
450;450133
450;25501
450;114379
450;553019
450;493841
450;58213
450;44869
450;232715
450;173921
450;309921
450;189875
450;595397
450;104147
450;203991
450;238513
450;58775
450;137073
450;53701
450;95263
450;54457
450;35489
450;110793
450;345137
450;607493
450;87449
450;75821
450;58959
450;46865
450;570841
450;96737
450;121331
450;115443
450;95291
450;104139
450;259599
450;71255
450;180975
450;363527
450;64589
450;180327
450;193807
450;189321
450;491217
450;61925
450;318585
450;51957
450;251987
450;25345
450;95849
450;333363
500;308647
500;159339
500;189333
500;82763
500;113721
500;501825
500;185197
500;93457
500;79629
500;161141
500;289365
500;104543
500;252017
500;112855
500;61019
500;299721
500;251703
500;212621
500;31843
500;711673
500;129089
500;206047
500;713911
500;161641
500;191341
500;167729
500;131053
500;65153
500;86257
500;117003
500;65965
500;789283
500;104569
500;169677
500;142891
500;249179
500;324247
500;279117
500;410031
500;119773
500;112339
500;262011
500;51385
500;103221
500;297881
500;417113
500;106871
500;348381
500;67355
500;230339
500;67137
500;226851
500;150719
500;350875
500;274165
500;171479
500;185543
500;315295
500;275907
500;264779
500;1020507
500;122213
500;323247
500;98875
500;391853
500;85541
500;166601
500;350873
500;52263
500;141705
500;374737
500;61821
500;168159
500;258767
500;1080977
500;393305
500;374725
500;110793
500;741701
500;530941
500;302665
500;399727
500;85999
500;147493
500;253443
500;90193
500;353607
500;168049
500;734055
500;155065
500;153137
500;236057
500;400435
500;642753
500;101319
500;270063
500;536279
500;186945
500;114227
500;276787
550;157527
550;216443
550;103877
550;189537
550;105161
550;292169
550;660497
550;412679
550;623087
550;264653
550;727965
550;223383
550;811867
550;1019475
550;132537
550;296579
550;242819
550;209587
550;681135
550;240283
550;107513
550;212495
550;142297
550;503007
550;174677
550;159197
550;858827
550;561087
550;164273
550;313965
550;74787
550;104463
550;305701
550;332495
550;155491
550;79987
550;530039
550;540607
550;1029829
550;251089
550;407119
550;197515
550;248491
550;136651
550;319267
550;755787
550;252657
550;464131
550;74901
550;326727
550;123349
550;626163
550;137925
550;296001
550;114133
550;227943
550;155339
550;474421
550;506957
550;315165
550;602507
550;238427
550;220767
550;134517
550;224587
550;375651
550;546065
550;291013
550;326293
550;177907
550;454959
550;492473
550;64167
550;39681
550;142485
550;549271
550;119701
550;56177
550;464567
550;200009
550;228005
550;215681
550;156055
550;154245
550;717381
550;302273
550;360705
550;178327
550;201727
550;381833
550;206985
550;301071
550;1113707
550;477157
550;123025
550;54703
550;130741
550;476625
550;100465
550;679481
600;321961
600;216191
600;173661
600;274049
600;59029
600;174909
600;277337
600;1072143
600;68919
600;63263
600;51453
600;87585
600;400519
600;307573
600;398169
600;730177
600;197861
600;414725
600;191665
600;151911
600;283029
600;83481
600;950403
600;70737
600;518339
600;655375
600;948981
600;449071
600;171315
600;138785
600;585231
600;671893
600;427515
600;273121
600;133139
600;478899
600;91289
600;456455
600;300023
600;635503
600;143465
600;103195
600;177961
600;501373
600;150417
600;241031
600;1543913
600;401207
600;39515
600;208425
600;441001
600;286951
600;1390413
600;348313
600;601713
600;301267
600;609879
600;205157
600;135855
600;211611
600;202445
600;112657
600;720661
600;282769
600;1375557
600;519017
600;273205
600;1011443
600;312507
600;110825
600;320967
600;415153
600;477109
600;587113
600;105511
600;156703
600;196249
600;103111
600;180949
600;352179
600;2291957
600;214681
600;1060267
600;512313
600;998425
600;155667
600;424953
600;470153
600;174751
600;35259
600;91565
600;282737
600;568997
600;65307
600;420653
600;617669
600;787005
600;135973
600;607285
600;180963
650;305217
650;248357
650;529333
650;505669
650;428195
650;513417
650;521765
650;170095
650;921725
650;378251
650;252265
650;456779
650;483495
650;521667
650;1228827
650;88771
650;595207
650;248767
650;178397
650;820783
650;925399
650;694079
650;362107
650;284997
650;205337
650;712131
650;785575
650;393353
650;273353
650;107615
650;442465
650;1301987
650;197615
650;209075
650;134177
650;152759
650;350841
650;200165
650;1878597
650;109207
650;89639
650;182433
650;126369
650;513173
650;151045
650;517335
650;237155
650;87347
650;251197
650;565475
650;1025749
650;90211
650;294661
650;776613
650;522717
650;567835
650;461095
650;599861
650;955319
650;522689
650;376227
650;320391
650;1047921
650;866153
650;240155
650;724389
650;208991
650;733395
650;564481
650;620415
650;98199
650;516105
650;867157
650;57405
650;207819
650;1120701
650;513725
650;97847
650;256153
650;283557
650;509153
650;166097
650;272563
650;591303
650;165827
650;230381
650;145025
650;355041
650;342623
650;347111
650;97541
650;211433
650;1240469
650;531111
650;378319
650;515967
650;391087
650;419475
650;296471
650;893201
700;390905
700;543203
700;760641
700;987107
700;220349
700;275949
700;317575
700;621075
700;308207
700;310885
700;270311
700;669315
700;1033159
700;194473
700;831473
700;53231
700;429075
700;377183
700;111677
700;207779
700;325267
700;279223
700;467755
700;436263
700;58921
700;487665
700;566089
700;885375
700;1392071
700;861529
700;138685
700;742785
700;276833
700;953807
700;170443
700;808335
700;292047
700;808315
700;309825
700;402713
700;498069
700;109395
700;91855
700;285785
700;514197
700;946967
700;389931
700;411327
700;124549
700;660677
700;167691
700;1426957
700;308853
700;476797
700;169805
700;288413
700;498771
700;1245439
700;273723
700;274607
700;542589
700;88957
700;772193
700;628529
700;156849
700;120163
700;236315
700;375225
700;179977
700;168363
700;149575
700;340587
700;224735
700;59369
700;158911
700;2263215
700;554233
700;124759
700;600067
700;325745
700;338833
700;1451633
700;369611
700;471781
700;111017
700;447389
700;366867
700;410377
700;224619
700;75875
700;494259
700;201431
700;443703
700;567875
700;524479
700;242141
700;1154477
700;106817
700;151497
700;821255
750;1935657
750;190425
750;291431
750;1100145
750;639189
750;1248965
750;996445
750;255871
750;346697
750;218697
750;1536007
750;100549
750;219551
750;184587
750;603041
750;153799
750;508611
750;668069
750;757923
750;205641
750;63347
750;122837
750;478761
750;75309
750;903235
750;1491293
750;523349
750;196043
750;555287
750;412787
750;595645
750;248933
750;977833
750;225969
750;154361
750;204819
750;112171
750;329201
750;384423
750;673373
750;1236841
750;99815
750;1246099
750;515193
750;425331
750;828051
750;709273
750;2699085
750;160731
750;252529
750;764567
750;213189
750;414741
750;947107
750;91511
750;925671
750;355911
750;1065505
750;1060885
750;212537
750;389977
750;474293
750;1021415
750;680609
750;181563
750;1301255
750;596327
750;347387
750;1122523
750;322003
750;565941
750;636529
750;103637
750;741123
750;282111
750;165145
750;287171
750;263707
750;252355
750;423369
750;735353
750;621875
750;1599715
750;596747
750;114011
750;212705
750;1709319
750;1318473
750;474309
750;778159
750;1146339
750;316837
750;174315
750;694881
750;1269409
750;1046441
750;345035
750;1175275
750;925241
750;1683011
800;514297
800;300687
800;475783
800;593383
800;166153
800;88729
800;215273
800;461853
800;247149
800;275269
800;828539
800;488179
800;166845
800;783829
800;1889117
800;1260825
800;494673
800;109487
800;181737
800;1504127
800;555743
800;753459
800;291285
800;167851
800;487839
800;743649
800;1006823
800;567879
800;496423
800;711411
800;66529
800;921647
800;149327
800;752601
800;101297
800;496031
800;245201
800;1035169
800;186167
800;1274029
800;474661
800;943283
800;257611
800;858725
800;116193
800;437839
800;1733663
800;486561
800;640269
800;370927
800;1138507
800;1321451
800;211129
800;83887
800;1678823
800;1116191
800;122131
800;131487
800;175937
800;1194393
800;99411
800;447589
800;877671
800;360419
800;425529
800;2419177
800;593721
800;1101369
800;592583
800;352985
800;1183663
800;305955
800;241079
800;927835
800;588827
800;1210479
800;660999
800;516119
800;299657
800;1006427
800;539067
800;163231
800;300989
800;491949
800;381615
800;177951
800;1733393
800;313407
800;305781
800;212453
800;932591
800;180121
800;213329
800;643731
800;686587
800;160819
800;1075619
800;944371
800;253077
800;736425
850;1073543
850;348245
850;319919
850;382127
850;148591
850;703853
850;366357
850;303539
850;576117
850;164867
850;361817
850;119729
850;331283
850;1554651
850;854083
850;1017555
850;937851
850;241321
850;2208211
850;357389
850;323357
850;653519
850;98291
850;401959
850;642977
850;1237967
850;1591845
850;565029
850;634479
850;1429869
850;1306925
850;368201
850;823079
850;1126045
850;632543
850;1856397
850;1317055
850;439073
850;273979
850;607133
850;355981
850;193305
850;2879597
850;1750943
850;1138525
850;195253
850;229561
850;272651
850;556447
850;472479
850;1643107
850;87453
850;1079073
850;318879
850;2076257
850;196925
850;1101211
850;3278055
850;501559
850;284373
850;368287
850;476683
850;1041159
850;351755
850;440767
850;2759689
850;1082181
850;95467
850;1548233
850;555291
850;826619
850;265959
850;122487
850;710691
850;395613
850;986527
850;412725
850;429009
850;305535
850;296381
850;845645
850;214187
850;533797
850;248941
850;504367
850;1711305
850;254249
850;434097
850;1445821
850;478355
850;715379
850;149557
850;847279
850;453189
850;376061
850;1084379
850;455433
850;226519
850;1037087
850;2077243
900;947829
900;150455
900;364733
900;848981
900;197057
900;960813
900;764131
900;606857
900;1575229
900;2101763
900;443809
900;207021
900;1250235
900;2198809
900;245803
900;1072925
900;1956369
900;1091383
900;404983
900;1282707
900;759471
900;1016753
900;944985
900;354465
900;1824865
900;229533
900;4518643
900;1706643
900;315879
900;593717
900;234325
900;989425
900;651481
900;1752295
900;775799
900;1581073
900;537261
900;1393593
900;658899
900;135527
900;506973
900;926015
900;2394081
900;154785
900;1331309
900;2243501
900;675163
900;412269
900;1174017
900;385537
900;1074227
900;966307
900;1668023
900;1100689
900;1000233
900;791039
900;1478281
900;1367655
900;148961
900;393745
900;346477
900;694619
900;809925
900;745015
900;519447
900;629071
900;944775
900;362339
900;952963
900;773175
900;384629
900;408351
900;570949
900;483825
900;385499
900;233123
900;314385
900;132091
900;754619
900;108953
900;298685
900;376091
900;584653
900;728687
900;131637
900;203967
900;617745
900;225525
900;513821
900;1647833
900;243259
900;341083
900;1362921
900;419935
900;215077
900;300693
900;2353403
900;424455
900;642783
900;728507
950;775053
950;703373
950;724857
950;1621821
950;1150239
950;2342679
950;109953
950;1738833
950;507555
950;1066525
950;2504823
950;1516503
950;346503
950;625141
950;3124427
950;202165
950;231629
950;859339
950;175775
950;1138653
950;2471889
950;428063
950;328617
950;316959
950;970459
950;916729
950;1214093
950;1215797
950;437523
950;996365
950;444187
950;569163
950;687019
950;650289
950;472439
950;1134163
950;1062677
950;358229
950;794629
950;2443105
950;707089
950;668213
950;178371
950;1130441
950;223297
950;801373
950;303581
950;597279
950;480289
950;189279
950;739039
950;1663129
950;1162813
950;299247
950;1996477
950;656711
950;876897
950;298949
950;107603
950;997625
950;392027
950;201257
950;1654255
950;714399
950;520559
950;935981
950;1874425
950;276485
950;1147037
950;836223
950;1083103
950;622319
950;260917
950;566067
950;1797121
950;412363
950;877025
950;391229
950;406115
950;681549
950;1184279
950;393011
950;1565185
950;175963
950;295455
950;333951
950;1675343
950;968505
950;227935
950;1571467
950;1786993
950;998859
950;937705
950;1063149
950;411161
950;282555
950;1022487
950;2160093
950;804187
950;343033
1000;280191
1000;536957
1000;448057
1000;407555
1000;1114861
1000;130489
1000;990857
1000;194621
1000;2678275
1000;637541
1000;1115145
1000;3330237
1000;658391
1000;339925
1000;1746443
1000;948151
1000;248989
1000;1420635
1000;4096749
1000;209653
1000;505307
1000;2105745
1000;874943
1000;1333973
1000;940815
1000;1015667
1000;303323
1000;1321801
1000;3190563
1000;2637853
1000;332697
1000;404719
1000;1323715
1000;543841
1000;907065
1000;1154385
1000;1312159
1000;2706095
1000;1592301
1000;1665859
1000;144671
1000;860243
1000;2533207
1000;965601
1000;782877
1000;1220769
1000;2959195
1000;499379
1000;656189
1000;637349
1000;462033
1000;708281
1000;1681583
1000;599785
1000;118675
1000;491067
1000;1923429
1000;2713075
1000;523135
1000;3490587
1000;639823
1000;1250055
1000;938737
1000;572429
1000;1080555
1000;308399
1000;1138253
1000;1345349
1000;350643
1000;2065325
1000;570081
1000;326913
1000;419673
1000;1618495
1000;1067479
1000;3637913
1000;1553179
1000;934793
1000;3045869
1000;605501
1000;1240373
1000;1086405
1000;247135
1000;1667005
1000;1702697
1000;2169175
1000;963151
1000;615537
1000;795679
1000;1161547
1000;1024997
1000;356591
1000;723577
1000;191257
1000;611315
1000;689555
1000;774905
1000;177859
1000;956843
1000;1263665
1050;521627
1050;2362395
1050;1036757
1050;2635631
1050;939093
1050;769301
1050;1489027
1050;1535355
1050;2909719
1050;931261
1050;621997
1050;687691
1050;229495
1050;203893
1050;1153371
1050;1144771
1050;2352857
1050;698961
1050;1162019
1050;1796175
1050;246785
1050;980271
1050;1031897
1050;1223007
1050;1904773
1050;3318177
1050;3332773
1050;1245689
1050;407461
1050;1573047
1050;2651615
1050;576201
1050;887789
1050;637283
1050;392113
1050;763875
1050;564081
1050;3950691
1050;1668795
1050;481255
1050;1347415
1050;1319833
1050;1687437
1050;1366179
1050;2220461
1050;2306531
1050;210969
1050;654027
1050;775601
1050;933649
1050;450559
1050;464531
1050;986507
1050;230771
1050;1747703
1050;1964235
1050;130227
1050;636143
1050;306437
1050;1802057
1050;714001
1050;693695
1050;1002731
1050;2027167
1050;955527
1050;2974331
1050;695041
1050;536973
1050;403543
1050;1242913
1050;3080955
1050;618491
1050;1335739
1050;128665
1050;900505
1050;902655
1050;1531387
1050;743691
1050;1127659
1050;1517533
1050;2042385
1050;1247973
1050;1560283
1050;983047
1050;1180937
1050;1666645
1050;862571
1050;300769
1050;376477
1050;565883
1050;754599
1050;2331319
1050;191485
1050;1296863
1050;3328981
1050;285697
1050;1030849
1050;369891
1050;1781077
1050;1797605
1100;365035
1100;1152021
1100;1075941
1100;2513695
1100;2759083
1100;1203777
1100;566557
1100;1130657
1100;128637
1100;3925175
1100;1029403
1100;789751
1100;146011
1100;1639017
1100;1779215
1100;752939
1100;609029
1100;1272091
1100;872013
1100;304539
1100;185027
1100;264893
1100;3585589
1100;1104053
1100;1074785
1100;469125
1100;462103
1100;709339
1100;879353
1100;470151
1100;877785
1100;1532383
1100;919759
1100;1171715
1100;165911
1100;2761855
1100;736179
1100;1316269
1100;415499
1100;476025
1100;593887
1100;1301915
1100;1065129
1100;862955
1100;593617
1100;268723
1100;230819
1100;538569
1100;1775677
1100;2537635
1100;313557
1100;882611
1100;1595857
1100;339379
1100;276541
1100;1590263
1100;547187
1100;1574901
1100;980547
1100;2286863
1100;873445
1100;1288645
1100;1922375
1100;268287
1100;4522337
1100;462011
1100;903691
1100;324867
1100;2745885
1100;1754937
1100;388483
1100;541913
1100;318879
1100;643333
1100;524967
1100;3596565
1100;185541
1100;437275
1100;1217957
1100;911281
1100;806601
1100;497279
1100;412739
1100;956571
1100;612393
1100;594845
1100;627453
1100;502777
1100;2278485
1100;1661983
1100;506417
1100;1326597
1100;3032947
1100;3791985
1100;499257
1100;822257
1100;177787
1100;401849
1100;806753
1100;1475421
1150;2236749
1150;622809
1150;2211643
1150;1815461
1150;3473085
1150;1200681
1150;357495
1150;601907
1150;2220239
1150;365679
1150;3507559
1150;3076497
1150;1174103
1150;1177183
1150;1464215
1150;452163
1150;515339
1150;1144677
1150;844799
1150;361499
1150;2900765
1150;1366873
1150;305883
1150;286687
1150;677497
1150;1917341
1150;4851615
1150;1615211
1150;1612217
1150;953659
1150;2326701
1150;232763
1150;1748525
1150;1139903
1150;3818491
1150;850943
1150;8783605
1150;389345
1150;2348641
1150;783307
1150;246441
1150;1991645
1150;736125
1150;159235
1150;1427459
1150;555967
1150;1244281
1150;656823
1150;994119
1150;740301
1150;1885499
1150;329031
1150;316423
1150;1748365
1150;438601
1150;1400823
1150;2206001
1150;1060633
1150;510113
1150;2083845
1150;1210781
1150;558241
1150;587805
1150;1604001
1150;259481
1150;532381
1150;969963
1150;1288211
1150;1996975
1150;2622227
1150;793859
1150;5851409
1150;1618897
1150;1470647
1150;729005
1150;1398247
1150;1094877
1150;820829
1150;2152763
1150;398475
1150;2396415
1150;1112615
1150;1887125
1150;1055083
1150;464463
1150;3649989
1150;385013
1150;1390187
1150;1000449
1150;583375
1150;504393
1150;188995
1150;1021497
1150;588603
1150;471809
1150;1344499
1150;2215469
1150;4026977
1150;714215
1150;257903
1200;10179735
1200;1929447
1200;879501
1200;1411849
1200;261343
1200;1472513
1200;523691
1200;501473
1200;614875
1200;758075
1200;1273099
1200;1544001
1200;1385777
1200;943509
1200;963477
1200;447473
1200;200445
1200;2200473
1200;627263
1200;1482517
1200;448471
1200;2114829
1200;3757179
1200;1558993
1200;682167
1200;4711843
1200;263667
1200;2519355
1200;808065
1200;1891887
1200;1255615
1200;1288297
1200;934963
1200;1875845
1200;2381993
1200;328099
1200;933003
1200;1030179
1200;1156907
1200;556949
1200;1621493
1200;1585541
1200;2293065
1200;848109
1200;436301
1200;1877455
1200;4790049
1200;733059
1200;478495
1200;171807
1200;1116011
1200;1145019
1200;382957
1200;2855449
1200;672815
1200;671651
1200;462083
1200;687089
1200;1804399
1200;2666069
1200;813887
1200;1355193
1200;1578789
1200;671515
1200;1397761
1200;2528045
1200;2670481
1200;2843501
1200;272941
1200;880301
1200;1774347
1200;2757867
1200;2362953
1200;2188045
1200;882617
1200;539603
1200;3156569
1200;360241
1200;1281191
1200;362971
1200;455677
1200;310853
1200;3198161
1200;470933
1200;1380401
1200;2328001
1200;2992071
1200;4208833
1200;923597
1200;587403
1200;1439521
1200;1252513
1200;1114161
1200;497341
1200;1205469
1200;1496555
1200;675837
1200;960593
1200;2625591
1200;615533
1250;314801
1250;2366015
1250;980561
1250;1001907
1250;666831
1250;1874633
1250;865065
1250;2305277
1250;1044099
1250;617557
1250;1097249
1250;1031283
1250;726905
1250;977733
1250;982305
1250;564827
1250;3133191
1250;681257
1250;2132145
1250;3120213
1250;1652145
1250;1183973
1250;520029
1250;627923
1250;549063
1250;884897
1250;787359
1250;3273933
1250;3476219
1250;523345
1250;417519
1250;3001263
1250;257621
1250;2617989
1250;2000505
1250;1016105
1250;1880061
1250;1768467
1250;1173599
1250;622019
1250;1064841
1250;4197519
1250;2704873
1250;860387
1250;1196499
1250;3823369
1250;612401
1250;2188887
1250;473447
1250;753275
1250;441245
1250;2965419
1250;891813
1250;1442905
1250;2653907
1250;1115767
1250;500863
1250;1728219
1250;4098641
1250;2054033
1250;4333827
1250;435485
1250;1129361
1250;3774055
1250;193795
1250;2950321
1250;712613
1250;3703929
1250;962207
1250;2245649
1250;471847
1250;785599
1250;302171
1250;5178797
1250;2468675
1250;1508919
1250;1022527
1250;773411
1250;2546947
1250;601873
1250;1824849
1250;1217227
1250;2118759
1250;1229693
1250;2744165
1250;2494839
1250;1145413
1250;156429
1250;2029743
1250;1250213
1250;4201123
1250;529923
1250;593069
1250;2018565
1250;314577
1250;921709
1250;390955
1250;3011719
1250;916127
1250;1377915
1300;573261
1300;3467861
1300;493495
1300;866919
1300;402743
1300;594465
1300;1249633
1300;606197
1300;199521
1300;1762639
1300;1041299
1300;712111
1300;3485743
1300;1145419
1300;6130565
1300;1527977
1300;2676955
1300;2400001
1300;1904027
1300;830311
1300;427965
1300;957313
1300;3343653
1300;1016241
1300;928427
1300;857243
1300;939217
1300;1754743
1300;1509255
1300;2319639
1300;1644345
1300;4604723
1300;1277819
1300;1123397
1300;2275595
1300;908703
1300;580885
1300;2807277
1300;3282787
1300;1290801
1300;1167631
1300;857497
1300;904747
1300;1917241
1300;2139577
1300;899095
1300;348039
1300;2080913
1300;1787629
1300;603609
1300;2282111
1300;499033
1300;1588941
1300;1261797
1300;1186923
1300;2866989
1300;571493
1300;205369
1300;2301999
1300;629849
1300;2260003
1300;774577
1300;2741231
1300;1628477
1300;996609
1300;1510845
1300;1688039
1300;378479
1300;573121
1300;1971409
1300;418241
1300;506715
1300;6145953
1300;375221
1300;3392031
1300;814133
1300;693917
1300;514533
1300;621369
1300;553749
1300;2260773
1300;7587043
1300;6162563
1300;856999
1300;2603685
1300;1420165
1300;2649367
1300;4652241
1300;336199
1300;427149
1300;1662947
1300;5607967
1300;3626529
1300;221809
1300;1061337
1300;973739
1300;1324347
1300;1289775
1300;1059053
1300;268119
1350;5686015
1350;2530481
1350;509161
1350;789071
1350;951833
1350;543809
1350;2583147
1350;1950367
1350;2195789
1350;467757
1350;1732963
1350;7801901
1350;1027063
1350;836601
1350;651269
1350;1611569
1350;361017
1350;477031
1350;2601367
1350;4388343
1350;984479
1350;591825
1350;1104011
1350;1190251
1350;627333
1350;378851
1350;5908473
1350;1053423
1350;2335673
1350;994287
1350;1687871
1350;416535
1350;808127
1350;1596105
1350;1098141
1350;2781297
1350;1156981
1350;2373475
1350;150113
1350;410229
1350;1225351
1350;1258445
1350;276217
1350;1508445
1350;4035199
1350;478551
1350;428969
1350;894201
1350;1675191
1350;964861
1350;734565
1350;1144739
1350;1326011
1350;2210467
1350;1063975
1350;1800609
1350;1713761
1350;1618043
1350;2888219
1350;711107
1350;2991953
1350;2188643
1350;175225
1350;1846991
1350;2011551
1350;1246687
1350;1199665
1350;1448339
1350;1689801
1350;1058689
1350;2902467
1350;3344783
1350;302081
1350;843781
1350;1335197
1350;647421
1350;1563447
1350;1050171
1350;706847
1350;642737
1350;418371
1350;1818407
1350;1526419
1350;3328251
1350;1331919
1350;892347
1350;1068203
1350;4724371
1350;1347833
1350;1878299
1350;5782053
1350;354897
1350;834717
1350;2778915
1350;5616253
1350;842843
1350;1085785
1350;738857
1350;796389
1350;3928059
1400;2121851
1400;2064479
1400;657477
1400;505679
1400;222527
1400;2203433
1400;213265
1400;5210807
1400;1079613
1400;793509
1400;2543499
1400;2487983
1400;2149881
1400;5298589
1400;828989
1400;764463
1400;927891
1400;1436163
1400;782817
1400;1839047
1400;2103501
1400;504699
1400;304167
1400;739931
1400;2152955
1400;1220149
1400;13662543
1400;2931509
1400;1042717
1400;1208165
1400;5570449
1400;2064235
1400;1399825
1400;572721
1400;5085071
1400;1477803
1400;5022829
1400;274477
1400;1704651
1400;2280413
1400;2794557
1400;843955
1400;3134447
1400;1024873
1400;2208445
1400;2080623
1400;673241
1400;2250501
1400;910533
1400;833219
1400;2357089
1400;8615301
1400;701525
1400;3889835
1400;430683
1400;388589
1400;1518663
1400;213503
1400;616239
1400;1256721
1400;3121253
1400;1306071
1400;607395
1400;779177
1400;556859
1400;1352067
1400;1188387
1400;1638427
1400;2421619
1400;376203
1400;534829
1400;1315781
1400;1331925
1400;2003407
1400;4818397
1400;906485
1400;605083
1400;1965251
1400;1005145
1400;880879
1400;852385
1400;181837
1400;2703621
1400;1439731
1400;811153
1400;1962579
1400;6781681
1400;512779
1400;2009127
1400;4513555
1400;843567
1400;1098821
1400;1686321
1400;543921
1400;519541
1400;601883
1400;1729381
1400;2082595
1400;1016861
1400;5460993
1450;2015025
1450;5968339
1450;6588073
1450;1157071
1450;2926925
1450;1705331
1450;2943197
1450;3113933
1450;2970431
1450;1902879
1450;1938923
1450;1294497
1450;1503123
1450;308487
1450;749163
1450;4030363
1450;692857
1450;1898591
1450;3532429
1450;1981295
1450;2131645
1450;485741
1450;2816045
1450;5943455
1450;703493
1450;3278817
1450;2315069
1450;2624163
1450;3711653
1450;1134999
1450;1450751
1450;4923009
1450;823717
1450;2021011
1450;1599099
1450;1203041
1450;949907
1450;467297
1450;7177867
1450;4549153
1450;1421591
1450;1020473
1450;925365
1450;8212631
1450;1850351
1450;661569
1450;2948223
1450;2045705
1450;910923
1450;6325141
1450;2445213
1450;3907653
1450;1937097
1450;376925
1450;4594583
1450;6156775
1450;764831
1450;740199
1450;2664691
1450;3351127
1450;2330413
1450;715571
1450;367985
1450;2648165
1450;996827
1450;1019683
1450;2649775
1450;1868581
1450;1986793
1450;2085249
1450;4127489
1450;2393071
1450;986683
1450;2318507
1450;5830181
1450;2259407
1450;658937
1450;1221635
1450;787503
1450;2266817
1450;3416169
1450;2370159
1450;1967989
1450;2993799
1450;348201
1450;1463741
1450;1652647
1450;732459
1450;9948687
1450;3024741
1450;1412713
1450;1769475
1450;816597
1450;4308849
1450;739445
1450;2675771
1450;986245
1450;807059
1450;1043491
1450;4183241
1500;7477933
1500;726177
1500;1571077
1500;3753013
1500;919221
1500;1153453
1500;2063213
1500;1497243
1500;1163869
1500;2958963
1500;1354825
1500;451841
1500;3483343
1500;1291405
1500;1021259
1500;1907297
1500;483427
1500;574113
1500;1675161
1500;5631265
1500;2002227
1500;696871
1500;1113923
1500;2673215
1500;1491689
1500;5056015
1500;3059835
1500;1465239
1500;1357815
1500;3699485
1500;2857261
1500;997189
1500;1150839
1500;2774817
1500;533069
1500;2669731
1500;4951405
1500;739923
1500;4742395
1500;3583391
1500;979691
1500;1390481
1500;1964537
1500;700885
1500;1384763
1500;1128023
1500;503895
1500;1974329
1500;1131217
1500;2633825
1500;1095547
1500;1468165
1500;1519013
1500;4547553
1500;2861177
1500;2406943
1500;1510269
1500;1416655
1500;4880655
1500;945049
1500;595947
1500;1128797
1500;502939
1500;752363
1500;646953
1500;7014347
1500;969937
1500;484545
1500;2188947
1500;293287
1500;1944491
1500;2007171
1500;382225
1500;1526793
1500;2192591
1500;4034319
1500;2616885
1500;6066437
1500;5272757
1500;2943649
1500;1464941
1500;1237907
1500;941617
1500;3592011
1500;6880131
1500;676973
1500;2297797
1500;314129
1500;3707407
1500;311957
1500;1110859
1500;3953797
1500;669731
1500;3353575
1500;2045359
1500;4797621
1500;2432499
1500;3036385
1500;1630787
1500;2983107
1550;3963187
1550;828015
1550;882095
1550;473343
1550;1416699
1550;697457
1550;996725
1550;653697
1550;2512481
1550;1201175
1550;969439
1550;1104727
1550;1911431
1550;1099297
1550;747217
1550;3090273
1550;734467
1550;1106239
1550;1521235
1550;13063623
1550;1996029
1550;1512907
1550;8340901
1550;1935421
1550;7889537
1550;3283539
1550;444545
1550;3436163
1550;1840053
1550;8369465
1550;5507757
1550;4296113
1550;5901035
1550;2946347
1550;412931
1550;5319023
1550;1178117
1550;1116675
1550;1663531
1550;1113307
1550;6358847
1550;1583387
1550;1434043
1550;2688111
1550;2502321
1550;1293949
1550;2848073
1550;2347345
1550;1285507
1550;883581
1550;1413221
1550;881669
1550;6898183
1550;2656423
1550;1294521
1550;2532679
1550;2169103
1550;334777
1550;995495
1550;1178245
1550;587783
1550;1440931
1550;975877
1550;3572271
1550;2033537
1550;3915285
1550;3698411
1550;5593379
1550;2099499
1550;1327319
1550;572217
1550;2269137
1550;2499125
1550;1264237
1550;580769
1550;3062987
1550;3182499
1550;1030375
1550;5896869
1550;1369329
1550;1085271
1550;1385713
1550;3015979
1550;4959765
1550;1931765
1550;9247889
1550;5749559
1550;1787387
1550;1289605
1550;5943509
1550;5797541
1550;2298051
1550;5245149
1550;1169101
1550;777201
1550;3232633
1550;1293029
1550;1216869
1550;1968009
1550;2958871
1600;1802769
1600;2378051
1600;1942423
1600;1336171
1600;2111129
1600;911309
1600;3617173
1600;555021
1600;4782559
1600;1991595
1600;1218867
1600;4030595
1600;435811
1600;2490431
1600;4240985
1600;7560255
1600;213323
1600;645333
1600;2111291
1600;1953073
1600;4060201
1600;17968845
1600;3418825
1600;1666005
1600;1312921
1600;1253069
1600;2457181
1600;11815593
1600;1136243
1600;2404323
1600;3025919
1600;3205219
1600;1350713
1600;1823775
1600;830525
1600;3812773
1600;2675647
1600;2886395
1600;4259333
1600;2939163
1600;1633257
1600;411893
1600;1099567
1600;3633435
1600;4081503
1600;1169851
1600;2172821
1600;1505671
1600;1482645
1600;6445185
1600;2777459
1600;2409427
1600;466777
1600;1534127
1600;8324161
1600;2000217
1600;1963803
1600;1910223
1600;483241
1600;1179211
1600;1099521
1600;7044315
1600;828757
1600;1181425
1600;401565
1600;3849869
1600;593501
1600;1781859
1600;2990329
1600;2572619
1600;4892447
1600;1615737
1600;2402409
1600;3093563
1600;2541931
1600;2378557
1600;1496987
1600;3093347
1600;473693
1600;1666481
1600;873415
1600;846483
1600;3566665
1600;179309
1600;5273157
1600;575795
1600;2331195
1600;780587
1600;8242131
1600;3972361
1600;1657725
1600;7758451
1600;5945351
1600;4939321
1600;2549973
1600;7375417
1600;2165011
1600;7400309
1600;1477439
1600;7250163
1650;9513421
1650;1331363
1650;5202191
1650;4062055
1650;427577
1650;2026757
1650;4160409
1650;1032699
1650;3088761
1650;1304881
1650;7946193
1650;1859507
1650;6442883
1650;5103869
1650;1193849
1650;570515
1650;2289349
1650;1440949
1650;3075197
1650;4368469
1650;6296683
1650;7269611
1650;2871037
1650;2229201
1650;1755419
1650;767163
1650;762469
1650;2661063
1650;2977853
1650;6500455
1650;1076027
1650;1158293
1650;2667061
1650;1463299
1650;4847283
1650;1483883
1650;2045211
1650;1768949
1650;4236999
1650;5286579
1650;5878207
1650;1895781
1650;1859019
1650;2748391
1650;1062993
1650;2751909
1650;8210699
1650;2687769
1650;2640091
1650;3848541
1650;1872153
1650;897679
1650;1570273
1650;1549187
1650;1720471
1650;3018975
1650;2912065
1650;4524467
1650;1959083
1650;822003
1650;1192847
1650;2640599
1650;2491201
1650;713369
1650;1786489
1650;976857
1650;1445811
1650;2295611
1650;546619
1650;1240885
1650;1170077
1650;1287239
1650;2237911
1650;4912977
1650;2496431
1650;7013675
1650;1268943
1650;2452167
1650;3264807
1650;2406369
1650;2241079
1650;2198483
1650;375909
1650;1716067
1650;3457805
1650;1571955
1650;1100425
1650;3776469
1650;1902649
1650;3258855
1650;4128335
1650;3024351
1650;10591845
1650;12831857
1650;1910181
1650;3636067
1650;2220011
1650;758327
1650;4640817
1650;992601
1700;968623
1700;3015613
1700;744009
1700;2424361
1700;695527
1700;2891823
1700;2739223
1700;1681839
1700;3780191
1700;2321367
1700;2299961
1700;2782657
1700;473901
1700;2013987
1700;7610357
1700;668715
1700;519351
1700;3415913
1700;9334483
1700;1215841
1700;2033185
1700;1339791
1700;1403245
1700;6398415
1700;6580025
1700;1994631
1700;3584141
1700;1129329
1700;1756933
1700;3817427
1700;1057921
1700;1746417
1700;645865
1700;1097419
1700;3537777
1700;2292589
1700;3833717
1700;3786551
1700;3217593
1700;7807423
1700;1641463
1700;2161531
1700;4992525
1700;1330315
1700;1050823
1700;4571109
1700;1099225
1700;6255075
1700;4004155
1700;2595617
1700;5372199
1700;2929081
1700;2995819
1700;4246241
1700;2980179
1700;522955
1700;2349041
1700;8503879
1700;1029391
1700;3370267
1700;1289833
1700;1783919
1700;664211
1700;892937
1700;539057
1700;7427449
1700;2484987
1700;1894913
1700;3559741
1700;3124007
1700;1087029
1700;4178481
1700;877541
1700;1165361
1700;1582973
1700;3020421
1700;1472725
1700;7681999
1700;1290975
1700;2559565
1700;3931585
1700;4551301
1700;6672449
1700;4866955
1700;9755927
1700;717035
1700;1630751
1700;3930987
1700;6260431
1700;5660713
1700;3843029
1700;1181445
1700;1178751
1700;2764543
1700;842607
1700;3266937
1700;4846389
1700;6212095
1700;4132081
1700;755649
1750;802793
1750;2591959
1750;3349389
1750;1052101
1750;2947633
1750;926065
1750;1573527
1750;2327037
1750;1550043
1750;882407
1750;2195617
1750;1208395
1750;1933455
1750;4151917
1750;3018719
1750;645383
1750;6162877
1750;3668479
1750;3807307
1750;1403109
1750;8025353
1750;2956869
1750;4717469
1750;2775025
1750;966957
1750;2875203
1750;598041
1750;5866983
1750;6393233
1750;2108431
1750;3904951
1750;6105805
1750;2477271
1750;7970111
1750;3068857
1750;823623
1750;4824533
1750;7615081
1750;1657471
1750;7105065
1750;14745883
1750;6811659
1750;1612661
1750;5059529
1750;2069261
1750;2965577
1750;3943627
1750;2848755
1750;1183883
1750;1262937
1750;5530799
1750;2990233
1750;6343209
1750;976549
1750;4864077
1750;2130201
1750;1470979
1750;1441637
1750;738061
1750;5861629
1750;1129839
1750;2108003
1750;661405
1750;9701191
1750;1130105
1750;992519
1750;1310193
1750;1459189
1750;3190983
1750;1300757
1750;3868521
1750;687299
1750;1523111
1750;3569543
1750;8160779
1750;4610899
1750;748599
1750;4006757
1750;1374931
1750;1994317
1750;560851
1750;3132907
1750;3379141
1750;1541197
1750;2314425
1750;2749059
1750;2326209
1750;1165419
1750;7166407
1750;3906601
1750;2969549
1750;1596077
1750;1595175
1750;2191245
1750;1834257
1750;1823899
1750;1446293
1750;1974613
1750;931049
1750;6020383
1800;1390207
1800;1801109
1800;1635313
1800;1158137
1800;709655
1800;3590681
1800;455893
1800;3886877
1800;4984497
1800;443185
1800;1184389
1800;6331039
1800;3007501
1800;2153529
1800;377495
1800;1741475
1800;12533841
1800;893665
1800;5059537
1800;1605575
1800;3618277
1800;6425893
1800;3110545
1800;2047525
1800;1701945
1800;3031837
1800;4591381
1800;4156369
1800;837969
1800;1940523
1800;3546981
1800;3956477
1800;2873843
1800;3478169
1800;2076041
1800;1201707
1800;2005695
1800;1818967
1800;1456359
1800;1959531
1800;3622305
1800;2540827
1800;5811333
1800;1460239
1800;5596631
1800;3697977
1800;1566595
1800;2141307
1800;1045919
1800;773751
1800;3034259
1800;4283449
1800;2545317
1800;1163217
1800;842947
1800;7216581
1800;1002867
1800;1888883
1800;6045341
1800;2828493
1800;1547635
1800;3178741
1800;3106443
1800;858113
1800;599585
1800;3420463
1800;1305107
1800;7246925
1800;694929
1800;3760855
1800;6688879
1800;977707
1800;511245
1800;2713837
1800;2933135
1800;2327043
1800;4231819
1800;1454269
1800;1962963
1800;1638485
1800;4188969
1800;4783155
1800;6145059
1800;3032851
1800;887245
1800;891989
1800;2174135
1800;1515663
1800;1423625
1800;1208837
1800;6492265
1800;1575923
1800;6149255
1800;3614061
1800;1626115
1800;2662429
1800;6072603
1800;1045861
1800;3497405
1800;1989081
1850;1198115
1850;1725499
1850;4291981
1850;3800915
1850;2416039
1850;7179621
1850;9125243
1850;7576541
1850;1250897
1850;5068911
1850;2303967
1850;5159339
1850;13186665
1850;2055055
1850;3952413
1850;1123903
1850;4317401
1850;9480171
1850;1672205
1850;5711393
1850;967211
1850;3114327
1850;4962539
1850;763495
1850;4520745
1850;7606129
1850;1266859
1850;825043
1850;4801731
1850;5355733
1850;3544125
1850;5944199
1850;1301157
1850;1608133
1850;1471171
1850;1731443
1850;1014575
1850;3083635
1850;3174617
1850;2660275
1850;1046503
1850;1201465
1850;832687
1850;1258643
1850;3121177
1850;6571167
1850;1070937
1850;7102869
1850;1775139
1850;1249731
1850;1456039
1850;707661
1850;1791815
1850;1252061
1850;521683
1850;5515251
1850;1999153
1850;1169057
1850;2375033
1850;1346547
1850;3544181
1850;2505811
1850;3520303
1850;7187585
1850;4075561
1850;1159371
1850;2108437
1850;1767007
1850;1491247
1850;4000041
1850;3212957
1850;974755
1850;1800209
1850;1572137
1850;2012359
1850;5452663
1850;2617263
1850;1194373
1850;527633
1850;774603
1850;7229435
1850;5555651
1850;6077021
1850;867977
1850;1285845
1850;9036087
1850;7243275
1850;10557459
1850;1197783
1850;7428523
1850;2454725
1850;4283749
1850;4056439
1850;10970329
1850;1792145
1850;789359
1850;3694735
1850;3940683
1850;1974151
1850;501321
1900;5039529
1900;2392733
1900;4984735
1900;8003681
1900;1589733
1900;4816159
1900;1940739
1900;1819059
1900;10178367
1900;2644931
1900;954999
1900;3536011
1900;1087803
1900;1784447
1900;959329
1900;1494895
1900;2703819
1900;800929
1900;1027955
1900;1125973
1900;3994773
1900;1131719
1900;2579095
1900;2542269
1900;6572069
1900;2181087
1900;1640509
1900;512943
1900;1054015
1900;1350987
1900;2197305
1900;4130805
1900;3721961
1900;2857777
1900;2222995
1900;17009325
1900;5888633
1900;1463155
1900;1921673
1900;4327473
1900;4266221
1900;3784393
1900;796195
1900;4231343
1900;1355721
1900;10903191
1900;903885
1900;816929
1900;4955491
1900;12756089
1900;3784979
1900;624311
1900;1723523
1900;1916619
1900;8122153
1900;1159597
1900;730983
1900;1362407
1900;1173111
1900;4292519
1900;1406133
1900;6956561
1900;6265569
1900;3405041
1900;8239201
1900;2158285
1900;2625323
1900;5524291
1900;4011245
1900;2916357
1900;870581
1900;1168075
1900;4236377
1900;955033
1900;7151629
1900;1007963
1900;9816739
1900;3042847
1900;1992561
1900;6516741
1900;995689
1900;4242767
1900;1786377
1900;1377963
1900;810291
1900;1310815
1900;1712707
1900;2395133
1900;2326555
1900;3889535
1900;3363915
1900;1232743
1900;2988017
1900;2170545
1900;2182509
1900;8287753
1900;3267689
1900;7982019
1900;4196377
1900;2583473
1950;2600725
1950;6251485
1950;3171687
1950;527225
1950;531909
1950;2532179
1950;6514845
1950;669977
1950;1652099
1950;1897773
1950;4066901
1950;1991431
1950;1219855
1950;7403107
1950;3718447
1950;3407477
1950;1959585
1950;2532821
1950;6710951
1950;5466273
1950;4648241
1950;5162121
1950;657859
1950;1890431
1950;11136397
1950;5031949
1950;1407163
1950;2771079
1950;5407319
1950;1975633
1950;7554837
1950;2192187
1950;1313119
1950;9655499
1950;4060835
1950;2415999
1950;2293453
1950;9447495
1950;3525507
1950;2370547
1950;6349473
1950;5631101
1950;845299
1950;1826589
1950;8840045
1950;1629215
1950;5249585
1950;2177289
1950;3482979
1950;4236405
1950;11188875
1950;1129113
1950;2500663
1950;5230089
1950;6662907
1950;4566381
1950;1733315
1950;1302473
1950;4452733
1950;4660101
1950;15078693
1950;13831929
1950;10571185
1950;1687311
1950;2110579
1950;4371295
1950;1970187
1950;6543157
1950;1873317
1950;6718919
1950;1963563
1950;2761731
1950;2059103
1950;999929
1950;7160371
1950;1210817
1950;20016533
1950;2052291
1950;4511969
1950;3927533
1950;2850345
1950;1979069
1950;1199667
1950;2318769
1950;3579809
1950;5640691
1950;9752353
1950;1310195
1950;5901147
1950;3004777
1950;1121809
1950;1154861
1950;3565639
1950;3999763
1950;777121
1950;7461927
1950;10536185
1950;2006503
1950;1580281
1950;1318391
2000;6073807
2000;8371793
2000;1350863
2000;2221337
2000;9556077
2000;2462999
2000;3425883
2000;3100475
2000;2516035
2000;1587873
2000;1829373
2000;1347327
2000;1307497
2000;7990701
2000;2791687
2000;4837293
2000;4872999
2000;6602769
2000;1586325
2000;1822199
2000;2018693
2000;26395605
2000;3713031
2000;6145625
2000;1618035
2000;1816789
2000;8204051
2000;3344507
2000;1283775
2000;6566501
2000;1985411
2000;3139517
2000;6152927
2000;1119509
2000;3288895
2000;2275675
2000;5289437
2000;2564199
2000;5017791
2000;9490629
2000;703129
2000;3312231
2000;3201111
2000;2095925
2000;5353139
2000;2740127
2000;3086907
2000;2507487
2000;7417235
2000;1728237
2000;1557623
2000;1629609
2000;11761835
2000;1229131
2000;8635161
2000;1137701
2000;1629645
2000;4939553
2000;3430875
2000;2298075
2000;2667205
2000;7295109
2000;7591093
2000;1536113
2000;1803697
2000;3823597
2000;7841399
2000;3610465
2000;14453229
2000;1718743
2000;5259285
2000;839563
2000;8091849
2000;1415405
2000;684959
2000;5260651
2000;3365813
2000;1444555
2000;7474291
2000;1607333
2000;2080781
2000;8017303
2000;11616627
2000;770199
2000;2688713
2000;3096327
2000;650635
2000;13755997
2000;647625
2000;1638419
2000;8947647
2000;3389469
2000;1355849
2000;1844683
2000;4279885
2000;2786533
2000;3229851
2000;1670991
2000;4144291
2000;1306709
