n;cover time
100;167979
100;130342
100;337147
100;268429
100;27669
100;12260
100;23356
100;21161
100;13390
100;11030
100;124255
100;101365
100;80509
100;135586
100;94580
100;168659
100;265222
100;272617
100;261907
100;184738
100;171347
100;209824
100;86629
100;31716
100;105831
100;80113
100;160498
100;99595
100;94794
100;483757
100;3917
100;68131
100;63153
100;36459
100;363275
100;141313
100;203521
100;79271
100;201004
100;1378
100;32169
100;73292
100;4806
100;469069
100;130329
100;81183
100;100451
100;76720
100;315614
100;63492
100;93897
100;178677
100;9942
100;290958
100;159986
100;206009
100;117794
100;131254
100;272817
100;396945
100;268319
100;216777
100;404855
100;533196
100;727619
100;23119
100;5428
100;17453
100;1955
100;121526
100;69380
100;100451
100;58742
100;165215
150;11975
100;16673
100;19788
100;217313
100;108413
100;236592
100;1585
100;14635
100;382497
100;135349
100;36477
100;2166
100;14545
100;347394
100;366472
100;153850
100;310601
150;94970
100;269529
150;29178
100;59241
100;225357
150;166338
150;37890
150;190920
150;48148
100;254774
150;1589
150;198102
150;226583
100;146809
150;234767
150;256496
150;792115
150;296602
100;99398
150;41884
150;267933
100;11836
100;181807
150;13019
150;14004
100;29724
150;139692
150;271569
100;181438
150;108372
150;85727
150;665910
150;383372
150;296989
150;22959
150;151704
150;271344
150;520506
150;617492
150;1336919
150;671044
150;1557769
150;1138259
150;1287892
150;1947703
150;1821537
150;2363983
150;166690
150;182569
150;171687
150;86074
150;133300
150;244616
150;78385
150;850651
150;268654
150;537092
150;581646
150;839267
150;319219
150;11914
150;40857
150;292350
150;1090244
150;116647
150;799629
150;975161
150;437854
150;232028
150;228279
150;120219
150;543724
150;907160
150;76253
150;783555
150;10244
150;5690
150;591499
150;171521
150;606657
150;387715
150;186869
150;222941
150;47766
150;28898
150;196516
150;639590
150;1934966
150;894490
150;170252
150;279815
150;64207
150;302290
150;223696
150;811647
150;758878
150;107608
150;163224
150;9580
150;493726
150;391101
150;864211
150;386221
150;1977363
150;2308713
150;784146
150;1005698
150;743000
150;1106590
200;1176407
200;1325091
200;1671566
200;115605
200;157428
200;463231
200;433187
200;371822
200;371808
200;257611
200;942046
200;152089
200;481119
200;151227
200;138075
200;78215
200;3889
200;54426
200;146219
200;11288
200;111750
200;139512
200;92679
200;139091
200;1282832
200;1183473
200;1316887
200;1448006
200;1124077
200;1185398
200;1011384
200;927642
200;1073718
200;1040450
200;934416
200;845506
200;988146
200;931332
200;941260
200;780122
200;700928
200;778109
200;1601361
200;534985
200;576155
200;699789
200;624537
200;680511
200;1313438
200;482948
200;507604
200;506189
200;362020
200;316012
200;320725
200;361961
200;272088
200;2496336
200;2148099
200;1511950
200;2446834
200;28791
200;336031
200;822699
200;2464823
200;207752
200;1008110
200;3104636
200;65303
200;2110839
200;3938916
200;915551
200;819702
200;1058089
200;703586
200;3443656
200;797184
200;2939562
200;471753
200;577401
200;425595
200;382951
200;474983
200;272853
200;2848586
200;1366994
200;1626398
200;2052062
200;1958605
200;1546791
200;1497640
200;2661567
200;1817028
200;4300520
250;244500
200;2767228
200;2627479
200;2701177
200;2602308
200;2489772
250;137363
250;273438
250;561539
250;539078
250;126881
250;1081563
250;168599
250;1559505
250;1402440
250;2809829
250;74795
250;875280
250;938703
250;299692
250;3052837
250;1341620
250;1444123
250;917463
250;1382976
250;575495
250;683538
250;3025515
200;4383131
250;745186
250;2139837
250;455005
250;478481
250;568347
250;2520535
250;1631796
250;1565744
250;1357325
250;2786498
250;4436582
250;719114
250;2757297
250;1564326
250;1607989
250;5601721
250;5289036
250;1938129
250;2302807
250;1863854
250;584840
250;2011210
250;4600080
250;1070289
250;2319666
250;5446240
250;1066747
250;1225674
250;2121034
250;4207759
250;586200
250;4140358
250;881591
250;111231
250;2550798
250;1502790
250;295396
250;509948
250;1800314
250;811686
250;9173828
250;264092
250;713423
250;3531431
250;317345
250;3334076
250;3103271
300;1385387
250;6461466
300;195628
250;2562377
250;3711200
250;5402533
250;7076833
300;580008
300;500342
250;8188542
300;607283
250;5033299
250;2512914
300;1429582
300;265255
250;3998354
250;9171642
300;1000958
300;2036705
250;6695355
250;2581989
300;1875845
250;1264189
300;368713
300;2703679
300;531320
300;558851
250;4698894
250;2852648
300;2554627
300;584259
300;164517
300;585183
250;4156799
250;6803282
300;3888853
250;2538375
300;2303210
250;4501496
300;2005890
300;1880760
250;5176053
300;1086052
300;3542058
300;718229
250;5301211
300;2754600
250;4757147
250;2376426
250;4064404
250;3679194
300;1365947
300;4806121
250;4068354
250;5062665
250;3395782
300;1747238
300;4311428
300;4917917
250;6101564
300;5199776
300;1163984
300;1263755
300;472702
300;6089447
300;1144342
300;2865578
300;2674975
300;2315189
300;2234870
300;3734772
300;10090302
300;3848893
300;700262
300;4194915
300;1615146
250;7803152
300;3162623
300;8619939
300;1836861
300;2010691
300;3143651
300;1289262
300;1927057
300;903224
300;3951049
300;1240361
300;3014434
300;4243705
300;118676
300;3209821
300;4548329
300;2335087
300;215655
300;4471887
300;1611551
300;372285
300;835305
300;505850
300;695230
300;643386
300;786935
350;262125
300;1124390
300;894795
350;945022
300;1769298
300;1431788
300;2019995
300;2129645
350;688015
350;1934099
300;2831494
300;2576504
300;3071889
350;1946549
350;2109927
350;117988
300;2897933
300;4010096
350;2160908
300;3361365
300;4832270
350;380070
300;14527239
300;8602323
300;8278436
350;632172
350;3245335
350;1361649
350;3210152
350;2659930
350;1851181
350;3182947
300;11417348
300;7212382
350;1248233
350;4638928
300;5268291
350;2316636
350;3062567
350;223308
350;702634
300;7296428
300;13208212
350;3808201
300;9902472
350;299763
350;242426
350;281708
300;12033182
350;7115136
350;1543091
350;806592
350;2613043
300;19285641
350;6601216
350;35642
350;619142
300;13175231
350;2072522
350;3123757
350;2976210
350;2593975
350;2950666
300;21409900
350;1995846
350;1175310
350;1933043
350;2401606
350;2522254
350;4077847
350;7274210
350;11392032
350;11922950
350;3732624
400;221483
350;4466076
350;6925376
400;977068
350;6413405
350;6218800
350;12797946
350;6287883
350;2910834
300;13612960
400;328294
350;13106209
350;2000741
400;279640
400;270576
350;5909958
400;292530
350;5025049
350;6660207
350;5648007
350;8760288
350;9360653
350;11862896
350;4741895
350;7137120
400;3845495
350;5514217
400;5172658
400;2464560
400;3352768
350;10479748
400;237713
350;7009240
350;16815353
400;1842061
400;2023199
350;13000633
350;8843623
350;6632334
350;7844648
350;6690801
350;10086369
400;501319
350;7170603
400;3005817
350;9402930
400;3058681
400;844335
400;3008239
350;15095444
350;6972706
400;9861712
400;4511535
350;8262729
350;8175201
400;6967487
400;30429
400;9670210
350;10581288
350;16664330
300;24567387
400;3300548
400;3399591
400;2595158
350;14094525
400;3621926
400;5774951
400;4555278
400;1772769
400;2333935
400;2075338
400;5812872
400;3871573
400;11883548
400;3892699
400;13064690
400;3175747
350;10825710
400;2007146
400;12320458
400;2651533
350;11188374
400;4200583
400;2609647
400;5094528
400;801351
400;963972
400;7815889
400;1138222
400;5065135
400;14141550
350;12476151
400;10099676
400;9199852
350;12799119
400;5011965
450;79760
400;2072250
350;14149134
400;1209227
400;4618976
400;2519889
400;3775454
400;24474106
400;10794992
400;1957031
400;10278637
450;3721361
450;2730462
450;1736841
400;3716116
450;1514030
400;5697114
450;70993
400;3120778
350;20189851
400;4192438
400;5607900
400;19167733
350;15796403
400;4475467
400;7816698
400;3086389
400;9916267
400;8004650
350;18853042
400;14516824
450;2776207
450;18485954
450;1569702
400;10350036
450;3602625
450;1193194
400;8928399
400;9054060
450;3600155
450;1306584
350;20776141
400;13466193
450;600224
450;2822084
350;17810940
450;2108918
450;1214687
450;10616618
400;12678120
450;481341
400;11627479
450;1304241
400;13300982
450;21266684
450;3225989
450;3748795
450;8955920
450;5091647
450;2406405
400;8901155
450;5492658
400;9326528
450;242621
450;16707
400;10482630
450;4963315
450;4058579
400;34437328
450;4095953
400;13422269
350;19642060
350;18706464
400;8942163
350;19497737
450;3436285
450;1803629
450;1250688
400;14842424
450;4971000
450;14624049
450;6194783
450;981143
450;2571211
450;1793450
450;2621487
450;7403395
450;1582886
450;1077069
450;1215404
450;2020620
450;422746
450;3869754
450;1628861
400;11205995
450;4010972
450;1413445
450;8227787
400;11804493
400;20073009
350;28670848
450;3047450
450;6539459
450;4435476
350;28804059
450;6671088
450;4085180
450;7255082
400;14826466
450;1620198
450;4187756
450;2036500
450;11161020
450;18841442
450;3078866
400;23587400
500;1324733
450;5064268
500;18993
500;1397811
400;17111758
500;2255648
450;4586514
450;7966499
450;11810851
450;6332792
500;1130549
500;3616194
450;18736318
400;27782904
500;3266444
500;1576047
450;10272639
450;9526548
400;19841855
500;5390649
450;10457860
500;8021067
500;5845341
450;15000633
450;11755981
500;1425371
500;6575858
450;11673222
500;1401972
500;5807724
500;9274774
500;10242212
500;4302386
500;10420072
500;12006932
450;11083245
500;7011257
500;13074843
450;19206907
500;1599040
500;9948648
500;1004525
450;18602981
500;2066173
500;7207131
450;22015505
450;13618157
500;15118300
450;23896213
500;3092310
500;1670432
500;6034752
500;10286334
500;446847
450;30462238
500;5596399
500;2811228
500;3522313
450;27210372
500;9502992
450;21077593
500;15861764
400;40908777
500;14907275
450;25373802
500;4304600
500;1685067
500;898652
500;13330352
500;5186681
500;21278044
500;12563372
500;4495009
500;15478775
450;34317683
500;1385988
400;34332960
500;2657067
500;8777196
500;22363675
500;6765338
500;12033592
500;9242539
500;22529372
500;11426863
500;22716568
500;6480513
500;11020268
450;22130633
500;18124630
500;10763651
550;1203123
500;12511738
500;7239672
500;20762731
500;24959011
500;18308968
500;21203606
550;3216413
500;14436180
450;30280549
500;25588416
450;49076821
500;16950218
550;5261859
550;9252106
500;24843351
550;7302653
500;43632748
500;15340155
550;632472
450;50184540
500;19375136
550;15425119
550;3158211
550;3196988
500;7997779
400;43786705
450;28724035
550;7347607
550;3020092
550;22712425
500;32675536
500;21334607
500;13696120
450;29017595
500;28028426
550;16550391
500;9914931
550;26012101
550;6444962
550;11516338
500;41037734
450;37058179
550;20503316
450;35650793
550;28300813
550;8371350
550;266489
550;14166843
550;22873098
550;11418297
550;5966373
450;36880829
500;28637369
500;17220908
500;16840999
550;4297893
500;51028518
550;13029238
550;29796684
500;21330606
400;55879009
550;281563
450;40660380
550;14073135
550;19283350
550;9518823
550;437709
550;10111412
550;21396988
550;34059384
550;2667787
550;6966372
550;14462091
550;3944840
550;4880691
550;778994
550;12520902
550;6681742
550;6921413
550;14939026
500;24246861
550;11826734
500;50046332
550;37670057
500;50455065
550;25950839
550;8973738
550;22278191
550;41880415
500;36127806
550;10464876
550;41819910
550;45610872
550;16524902
550;18081121
550;24410817
550;16852911
550;17679548
550;20469748
450;57082486
550;19358832
500;32970013
500;40470515
500;44820981
550;53385371
550;21900414
550;33669639
450;102775647
600;7121714
600;1630627
550;27289243
500;37510531
550;18767546
600;6275115
550;14547217
600;5497719
550;20930202
550;28692528
550;39906413
500;51297445
600;10751105
600;8516232
550;19291758
600;4417068
600;7304493
600;12211576
550;29620680
550;37714860
550;33947737
600;9765373
500;113449931
550;19271163
600;6145665
550;31100789
550;22395415
550;29651983
600;9808238
550;47587407
500;56408511
600;2826189
550;23551018
600;9657413
600;20281975
550;45264708
600;12162299
600;8394791
600;5385833
600;3867919
550;93209704
550;40535839
550;38299626
500;64308652
550;55226156
600;9880513
600;15628887
600;13191131
600;35218092
600;16451736
600;21632476
550;44353977
550;36394050
600;19030343
600;4419259
600;32916530
550;49254763
600;2137650
600;37873831
600;11395850
600;23453916
500;60655215
600;15408691
600;13604445
550;39102849
550;37355422
550;49609818
600;16608046
550;47926116
600;12811831
600;10562555
550;44110018
600;29169015
600;11011411
600;35175605
600;10114428
600;40625546
600;11154263
600;15043133
600;24108592
600;23385468
650;4841740
600;17721302
600;24138368
600;27678442
600;7203059
600;13853306
550;47337024
650;1385072
600;44029832
600;11174002
600;32175905
600;9632744
600;27390112
550;51982241
600;36180425
600;10304916
600;23991177
600;13070069
650;3608006
600;39256863
600;19146512
600;45983072
600;24562698
600;21840132
650;872412
600;26029876
600;17781540
600;33136757
600;46341273
600;28624428
650;6624726
600;13148742
600;33088636
600;24774490
650;14407594
650;17535668
650;8216825
600;42604426
650;689659
650;17920929
550;60216573
650;3605121
600;31026504
600;36231285
650;18625093
650;907094
650;11492711
650;7954035
600;45455523
550;95710554
600;85567913
650;29600628
600;59587882
600;27902480
600;29553117
650;4857499
600;39782580
650;17585531
600;31291721
650;18506273
600;54749484
650;25849593
650;19490763
650;43327088
600;79704573
600;68146592
550;90608239
600;90753299
600;32196332
650;30258916
600;53083504
650;16390264
650;15425253
600;63763885
650;11797886
600;92329314
650;10129896
650;1072168
600;50707701
650;28653838
600;58757550
650;33061223
650;21684911
650;30089542
650;44754683
650;2006679
650;43131078
650;8326950
650;8378023
650;45388455
650;4905815
650;39464848
650;61943395
650;37278420
650;28382026
600;68159425
650;16161150
650;7531704
600;73940480
650;30575744
650;24523549
600;59633831
650;4468198
650;33030568
650;20199308
650;84827545
650;11472229
650;26228931
700;6843404
650;43836484
600;67999305
650;32283117
550;117771397
650;42598561
700;1123215
700;1923711
600;117886600
650;11447013
650;54372548
700;6607791
650;33597664
650;26256214
650;25023846
650;34654633
650;50130644
650;70154991
650;27906536
700;17035231
650;44239950
650;24489489
700;11359129
700;2750405
650;50109511
700;15703848
700;6373071
650;32890324
700;15793013
650;63169929
700;13450479
700;15033368
650;62921501
700;26585144
600;115078901
700;5585336
600;106747630
700;7698931
650;82126155
650;75251678
650;30915296
650;60876616
700;4210018
700;4997171
700;36555298
650;76063352
650;60045006
700;582518
700;634885
650;63014758
650;63280890
700;20055151
700;9027394
700;33178138
650;46064256
700;11629908
700;8431850
700;7584840
700;31318688
700;24021459
700;4615914
700;5535677
700;18951324
700;50439484
650;61536440
700;29936521
650;72855938
650;93660986
700;15376430
650;88507543
700;18113377
650;101443850
650;89864299
650;69176325
700;781192
700;8038068
700;40038802
700;18274648
700;34562951
700;27648300
700;17994250
700;33691120
700;6833761
650;76845321
700;11676855
700;17366842
700;12124388
700;18906884
700;11288774
650;70936318
700;38609172
700;8387659
700;52154691
750;4904205
650;72580323
650;94858531
700;7907469
700;9216618
550;184715148
700;23218987
650;178912518
650;154128343
750;2619906
700;20218666
700;41258883
650;88420123
700;43605651
700;108652295
700;116493672
700;90076027
650;109035587
750;13890295
700;22641276
700;30587458
650;102846605
700;38753073
750;17250938
700;29817836
750;5012553
700;48420792
700;58060517
700;53450396
700;36154110
700;79198867
750;18389495
750;21346373
700;47289379
650;143495284
750;23258693
750;897934
750;45258531
750;24281074
700;33495421
750;22735155
700;71257801
700;80224805
700;76911694
750;60702541
700;95853201
750;8946010
750;34864907
750;28262593
700;43059947
750;22783611
750;28265514
750;18909923
700;110692885
700;79272219
700;68083300
750;29865951
700;98232259
750;82918160
700;98410925
750;12139320
650;145364373
750;26887676
750;39971376
750;13166715
750;45402904
750;23013112
700;155572208
750;25957385
750;5840032
700;131320083
750;19853277
750;5694091
750;2511185
750;28704836
750;40570465
750;385935
700;94096493
700;66776075
750;22807552
750;18999625
700;106478624
750;1632266
750;37045831
750;6297724
750;27853205
750;35954728
750;4978440
750;52807991
750;20408841
750;15609208
750;11189303
750;110748917
750;55896733
750;51837450
750;16089622
700;109043174
700;97325386
750;32090614
750;25921687
750;18306686
750;35384743
750;123064913
750;38103744
750;46305489
750;131315825
750;64790314
800;9179578
750;49045959
750;40962878
750;28737978
800;18122574
750;37865682
750;79049558
700;109761441
700;92368139
750;32082863
750;30526766
750;66763205
700;105361126
750;23166183
750;40934635
800;27509244
650;198710643
750;69392538
650;166210675
800;24485123
750;78538755
700;117348832
700;108977353
800;23964149
700;106084804
750;43553013
700;112696632
800;12565629
800;57999983
800;15629908
800;88455705
750;43463257
800;12492243
800;29216129
800;57554203
800;16277625
800;33678949
800;282003
800;31547228
700;128892269
700;158812036
800;98353226
750;156059915
700;126558864
750;93306228
800;61283815
750;62431335
800;6460266
750;63601936
800;34936836
800;41218694
750;75470105
750;106217616
750;122734702
750;78885030
750;222398187
800;10974663
800;8836706
750;94748701
750;81157046
800;45367068
800;20064920
800;12741959
800;35942241
750;133525973
800;38345076
800;6791437
800;64390324
800;43720733
800;49367396
750;94990093
750;107632365
800;47468909
750;100211051
750;85750460
800;40284717
800;32107094
800;56363951
800;51278971
800;11044912
800;20307598
800;5620768
800;1187505
800;24244919
750;144846467
800;14710559
800;85730960
800;137924420
800;6471027
750;115354656
800;24747690
800;59013754
800;46131824
750;152308168
800;92385769
750;134828005
800;67284199
800;26471053
700;195354623
800;94031057
800;25093580
800;112658935
850;11084708
800;32811473
800;25275047
800;22478116
750;123074200
800;21440163
750;136886658
850;23204145
800;92040216
800;127035710
800;233687459
850;33291915
800;54913510
800;49926770
800;23712551
800;153707653
800;160889232
800;88781132
800;72575165
850;26662030
800;140473257
800;94508399
800;113840467
800;69512824
850;44825779
800;110714600
850;11261228
800;95544326
750;131139009
800;43906710
800;52985797
750;134296142
800;114414021
850;63290727
850;70728371
850;115374
800;69224664
850;24691765
800;65070845
800;64923562
800;123852370
850;53376650
800;102308096
800;138074687
800;61632764
850;69471781
850;47982442
850;10165085
800;64344643
850;14777269
850;43521718
800;64975036
800;135426059
850;14726148
850;59468725
850;108805648
850;109859709
850;50482894
850;22175095
850;86173359
800;109283669
850;126386259
800;220591358
850;23671374
850;22862982
850;10606465
850;122893807
850;92017033
850;59336964
850;66238474
850;109334978
850;33222716
850;143700470
850;10859998
850;96980192
850;83993317
800;180188416
850;31357328
850;6161338
850;10153883
800;165235968
850;24033205
850;126259395
850;28089687
750;234906417
850;18104693
850;49621198
850;54469627
850;160670041
900;512700
850;72692152
850;11166229
850;80212478
850;9261742
850;34159972
800;189347174
850;99060174
850;20628800
850;85855575
850;32893494
800;330282668
850;30959985
900;14004746
800;246565122
850;54447631
850;97851080
850;60468643
850;151765937
850;188558913
850;92523220
850;24983931
900;54213221
750;278561907
850;177820008
850;116236801
850;109638974
800;176414276
900;31539314
900;19983398
850;71107003
850;111775255
800;334420687
900;48081036
850;112920277
900;68187676
850;47037817
900;56989099
800;239341319
800;187012737
900;83653557
850;174983133
900;37393056
800;219432309
900;10040558
850;208807452
850;123779490
900;98995036
900;57930932
900;30181290
850;72898725
900;61182348
900;12432667
900;18174643
900;41924013
900;49524736
900;82428829
900;4310330
850;152956679
900;35379987
900;2323722
900;660256
900;21274418
900;66983905
850;126122947
900;27839222
900;53533064
900;28402569
850;145976086
900;2091892
900;48257815
900;27325089
850;282737075
900;12929487
900;20624602
900;57227460
900;93854173
850;121797218
900;34577767
900;3877044
900;17294954
900;55002802
900;76992700
850;90417294
900;179976580
850;199415734
900;58008148
850;130198741
900;95694719
850;132888949
900;14331984
900;20809640
900;35563969
900;94877550
900;82994096
900;27984656
900;11900616
900;73342752
900;279323904
900;85532359
900;92338360
900;56700333
900;29660667
900;59383647
900;44916844
900;76683183
900;85330312
900;122941108
900;74447906
900;63056209
900;158767705
850;172064497
950;68859435
950;1053177
950;2058213
850;139034629
850;148475153
850;153307535
950;77561169
900;177458291
950;16548702
850;295626035
850;154493950
850;216409337
900;70974607
850;214226527
950;39213215
850;296592357
900;57020041
900;98453318
850;146032824
850;199010474
900;105862344
900;120279145
950;21400955
950;67930426
950;22734849
900;57637375
950;42448489
950;37182659
950;44117253
900;93012360
950;39222925
900;95804638
950;65221765
950;233511876
950;33368061
950;8943091
900;78259984
900;130510992
850;246401198
950;31468438
900;85433025
950;229693203
900;94825155
900;74367930
900;100684538
950;27415826
950;11589310
950;64508631
950;37766243
950;29235733
900;129323021
950;68044597
900;155276275
900;91177255
950;220273162
900;183188670
950;24530865
950;12960687
950;10709705
850;418991950
950;178091012
950;31730576
950;58384233
950;61633658
950;40204494
900;139394961
950;17808333
900;210839938
950;6432146
950;16688355
900;257580387
950;110980718
850;292794743
950;189701441
950;93601596
950;95326286
900;211827637
950;45955331
950;89701956
950;119528087
900;137185434
950;299593052
900;191063314
950;48965030
950;93365088
950;49434607
950;228255203
950;59826439
950;29175048
950;227263265
950;45854764
1000;21163860
900;176446852
950;235303028
900;173423199
950;428819915
950;78300810
950;72833738
850;291798094
1000;21656901
950;56085389
950;99540110
950;80906675
900;255596367
1000;10278573
1000;7299148
950;118794538
950;184959943
950;157211700
950;48022111
950;138073973
1000;53100871
950;65367292
950;154892043
950;134076957
1000;21963993
950;78208051
950;64363223
950;299418216
1000;23045024
950;159176340
900;305175253
950;178373401
1000;112787223
950;160486985
950;74509302
900;346977891
1000;27278334
950;150940579
1000;5305629
950;123243731
1000;71928946
1000;83883398
950;212693113
900;285037465
950;145756209
1000;215783237
900;313404869
1000;18239084
1000;70579628
950;149887934
1000;264890620
950;434800928
950;111107388
900;324176824
1000;60294206
1000;72992910
1000;40132181
1000;14000760
1000;18789875
1000;124494031
1000;513890
1000;205073956
900;414771239
1000;97030637
1000;255604342
1000;24156927
1000;229776149
1000;27626454
950;453587596
1000;122280675
900;284110195
1000;97326052
950;148765588
1000;52894358
1000;116068670
950;290738387
950;252919936
1000;91495013
1000;4886138
1000;226453720
950;253049055
1000;240495879
1000;166234515
1000;134742929
1000;173767048
1000;42190938
1000;112040144
1000;34744887
950;204704681
1000;96057077
1000;15862846
1000;54632813
1000;140235065
1000;8282458
1000;84816864
1000;56425425
1000;56555471
1000;130715496
1000;68757178
1000;97614351
1000;22081700
950;266300115
1050;40818587
1000;235896087
950;334474594
1050;20681489
1050;29509086
1000;180976628
1000;142580149
1000;72173439
1050;18509887
1050;93679126
1000;190832542
1050;51582530
1000;40837439
1000;124067646
1000;151846692
950;205723916
850;678207143
950;311117720
1000;160563735
950;378885934
1000;103043500
1050;35346510
950;262969190
1050;9835435
950;273285029
1050;36935959
1050;10095004
1050;6204657
1000;271654943
1050;90471476
1000;138370828
1000;46360958
1050;39420702
1050;33224008
1000;66348789
1050;614519
1050;75408567
1000;373746937
1050;55898657
1000;107181246
1000;265770897
1050;138130688
1000;178580426
1050;65603850
1050;4327597
1050;145681612
950;305729599
1050;50779927
1050;38448214
1000;199642003
1050;8937050
1000;214958105
1050;83253484
1050;99134577
1000;216106006
1050;74561469
1050;30608031
1000;254531269
1000;194154782
1050;70505980
1050;63288544
1050;148793750
1050;97229679
1000;120622405
1000;196663160
1050;109058278
1050;72279071
1050;23496157
1050;198163374
1050;93248872
1050;39081603
1050;64828585
1000;155992093
1050;82320214
1000;225700284
1050;166733514
950;287814445
1050;39128377
1050;46052170
1050;41895273
1050;9450929
1050;25298155
1050;67315999
1000;290972291
1050;22143714
1050;89821596
1050;41390723
1050;129399575
1000;145446516
1050;103607785
1050;78463222
1000;243040832
1000;221408559
1000;253843681
1050;96640418
1050;56665890
1050;235711711
1050;59275382
1050;74011572
1050;64076832
1000;222982666
1050;34673987
1100;9850610
1050;46000983
1050;123411480
1000;229336742
1050;63835528
1050;69715350
1050;115639775
1000;180231241
1050;112143342
1100;17885733
1050;80759342
1050;44022706
1100;31304261
1100;20749746
1100;7195300
1100;8375990
1050;474865504
1050;165658514
1050;114076989
1050;286927404
1050;86622490
1050;160936016
1100;97429571
1000;296414900
1100;25885808
950;354663965
1100;76486088
1100;56693936
1050;148263667
1000;167450346
1100;13099293
1050;76688568
1100;112945853
1050;656471527
1100;30092126
1050;265379441
1000;292881050
1100;19491389
1100;5412286
1100;9560009
1100;49671257
1100;98452251
1050;302384662
1000;363561263
1050;214756758
1050;268496935
1100;326671308
1100;6134775
1100;229092976
1100;235312692
1100;52840423
1050;101946702
1100;50768689
1100;40765123
1100;127614165
1100;146981929
1100;82580904
1100;83846120
1000;309416357
1100;381667033
1100;86662911
1100;36814498
1100;206264918
1100;491959058
1100;65530021
1050;380646097
1100;64165110
1100;160126603
1100;28496241
1100;211876950
1050;126558519
1050;146622801
1050;220818752
1050;155923556
1050;195467546
1100;2749706
1050;143102236
1100;58377326
1100;35703309
1100;191934371
1100;22147325
1100;45264068
1100;283180293
1050;156668229
1050;208975616
1100;112151415
1000;283081560
1100;130349971
1050;444793260
1100;246280054
1100;19614018
1100;313692886
1050;250613037
1150;794972
1150;28281597
1100;142745629
1100;15937004
1100;282397982
1100;120573783
950;474511028
1100;248340475
1100;210131130
1100;118308969
1100;80743629
1100;95774164
1100;238226018
1100;121000911
1000;316113387
1150;15992599
1100;217675089
1100;126274563
1100;272910923
1100;186980924
1100;180005003
1100;158067489
1050;598547632
1100;164644278
1150;23082510
1000;321517060
1150;87598134
1150;28511902
1100;500514314
1100;77697594
1150;27744568
1100;104445882
1100;205468084
1150;174693221
1100;369843589
1150;10705996
1100;123215571
1150;239005466
1100;241240132
1100;532563771
1100;155896657
1150;43437537
1100;271957824
1100;514944552
1150;205343746
1150;124431662
1150;40295106
1100;621863837
1100;565963334
1100;150028533
1100;247673805
1100;194501207
1150;350724748
1150;11030794
1150;114975785
1150;145969118
1150;280888931
1150;8527155
1150;83832966
1150;157276986
1150;88377985
1100;147851808
1150;115197737
1150;3120134
1150;50483041
1150;286444574
1100;244322747
1150;198925188
1150;135511129
1000;465246069
1150;306727570
1150;269415776
1150;14155164
1150;34269069
1100;246742858
1150;290318822
1150;127059505
1150;77870158
1150;188311057
1100;291691707
1150;77233779
1150;117331066
1150;39024236
1150;15898093
1100;629222006
1150;34903652
1150;99105082
1150;153998538
1150;110005594
1150;69342090
1150;74003070
1150;7533559
1050;402568765
1150;26126062
1150;502354524
1100;539043549
1150;12694934
1150;224923676
1100;1162149558
1150;432846924
1100;236057485
1200;5411507
1150;43159062
1150;190109282
1150;71968601
1100;275198710
1150;82109667
1150;63394861
1100;289843500
1200;8949409
1150;289642745
1150;45518597
1100;697609749
1150;128811545
1200;5118072
1150;170397942
1200;18357513
1150;133839642
1050;445014721
1150;125770776
1200;9061256
1150;467491770
1100;269603039
1200;28907894
1150;236565003
1150;204120407
1150;296858168
1150;70325910
1200;88338168
1150;310860200
1200;76475006
1050;447842583
1150;575595021
1200;36231223
1200;3025970
1200;123407110
1150;146099094
1100;372299953
1200;56986353
1200;48756295
1200;147935866
1150;258698582
1050;455034120
950;850202979
1200;24367778
1200;14899152
1050;508206691
1200;58803941
1150;288309136
1200;28089469
1200;149904381
1200;28248443
1150;278305096
1200;47157715
1200;126342509
1000;608487580
1200;7988106
1200;110158024
1150;266411053
1150;305492070
1200;20254159
1200;178995952
1200;372799
1150;183430051
1150;339510972
1200;94833577
1150;565227421
1200;66439222
1150;321510013
1200;123662494
1200;49746856
1150;289938605
1200;60414288
1200;86908663
1150;492693546
1200;26816693
1150;469881436
1150;288001302
1150;172063649
1200;15877012
1200;54275304
1200;51126432
1200;83007746
1150;336436845
1200;103082660
1200;111298115
1200;312150732
1200;5574197
1150;310259711
1200;141742838
1100;519625742
1200;230375590
1150;377765487
1200;396930112
1100;460795528
1200;79830225
1200;284047137
1150;598708113
1200;18549068
1200;123793539
1150;694305662
1200;234786136
1200;104806577
1200;76814705
1200;192635115
1200;90533442
1200;76454644
1200;165714403
1200;298209432
1200;340137738
1200;69119577
1200;186118077
1200;85900221
1200;128688399
1200;157344579
1200;169006040
1150;538361023
1200;207656344
1200;283530845
1250;34113256
1200;252090094
1200;280663807
1250;82474865
1250;34279930
1200;415170278
1250;68763616
1200;399134590
1200;189003485
1200;341981945
1250;98996821
1200;317995541
1250;58815403
1150;654469005
1250;73292436
1250;154518247
1150;414854262
1200;395675873
1250;81890833
1200;240976030
1250;148585166
1200;210455362
1200;322887248
1250;190011310
1050;898259879
1200;389927281
1250;65084062
1250;117864984
1200;199250213
1200;368018632
1250;60085167
1200;375388576
1150;527096690
1250;79311907
1250;9993748
1250;73109006
1250;111862926
1250;95570128
1150;736926735
1200;497209211
1200;327075619
1250;203566782
1250;42275933
1250;225133322
1250;739165
1200;676399883
1250;278171132
1250;13103526
1250;157482875
1250;21640384
1250;255977753
1250;89300478
1150;661990739
1200;374544728
1250;37901913
1250;16989354
1200;406963497
1250;82543620
1250;131972568
1250;85559545
1250;108767797
1250;63956778
1250;226818747
1200;496250506
1200;381444136
1150;724899362
1250;230569838
1250;184136851
1250;247012069
1250;78625864
1250;144456036
1250;11975925
1250;70782348
1200;407868115
1250;52070468
1250;111495975
1250;336039152
1250;298365128
1250;16597946
1250;90835530
1250;150661697
1200;478346729
1250;387364483
1200;558997186
1250;80080473
1250;166477543
1250;165027555
1250;110049698
1250;52892612
1250;314804220
1250;49510390
1250;164405465
1300;69706810
1150;956881011
1300;22543268
1250;468760285
1250;519079231
1250;218787338
1300;77242996
1300;54139294
1300;25517503
1300;121281223
1250;278560141
1250;292028830
1200;734502938
1250;216001583
1300;257682402
1250;269537457
1200;622788568
1300;71838415
1200;471349042
1150;1208105364
1300;101571566
1250;182340177
1250;195293821
1300;81426184
1300;131965887
1200;760158522
1300;74048565
1200;452073191
1250;231333138
1300;363547451
1250;288284738
1250;393567620
1250;521827282
1250;224491196
1300;98768259
1300;91565441
1300;137885070
1250;1021956184
1250;670505741
1300;115766774
1300;419268107
1250;324724688
1300;35897131
1300;136419401
1200;508422421
1300;15287240
1300;19705109
1250;281877115
1250;485995936
1250;273050342
1250;421607558
1300;95120790
1300;515264096
1300;107708257
1300;167413791
1300;306760909
1300;175455221
1300;305130562
1300;221183793
1300;293610614
1200;698234524
1250;631755990
1300;11669175
1300;51692698
1300;243199935
1250;459725944
1300;30490071
1300;141978287
1300;116362101
1250;285508973
1300;221269508
1300;21951305
1300;459418606
1300;240748226
1300;5312092
1300;170455948
1300;195754366
1300;261704728
1300;90692940
1250;334849050
1300;526695317
1300;5952686
1300;163317525
1300;10789247
1300;258587466
1250;320635309
1300;61974919
1300;210601427
1300;616219825
1250;546612704
1300;206247255
1350;21538682
1250;456352491
1300;167214108
1300;185490383
1350;17689091
1250;614058609
1300;324325590
1300;89150244
1350;10871330
1350;43708166
1200;821879654
1200;864729055
1300;494925736
1350;61341049
1300;166471816
1350;60471605
1350;94745771
1300;78141627
1300;167497850
1250;609574387
1350;15426951
1300;402590448
1300;225316269
1300;394119497
1250;432837669
1300;348949786
1300;196475369
1350;12616923
1300;646633358
1350;57251831
1350;129769714
1350;284636010
1300;136400926
1300;169795358
1300;264768815
1300;531333256
1350;179885232
1300;426157721
1300;399459706
1300;1078077765
1350;237306938
1350;193134860
1350;211693744
1300;572203037
1250;1124400166
1250;1132145841
1350;46001065
1350;199425964
1350;296273072
1250;495730957
1300;380768200
1300;1274131446
1350;144935367
1350;203196774
1350;86977081
1350;309408783
1350;9427091
1300;492297779
1300;265207008
1350;127065843
1350;8700785
1350;246278649
1350;254135479
1350;362230897
1350;163145882
1350;13847299
1350;76812500
1350;122179631
1350;3950890
1350;317040332
1350;218096013
1350;26487843
1350;20384441
1350;429803060
1350;9032073
1300;338033150
1350;349075447
1300;372525910
1350;343818788
1250;1461942151
1350;457383561
1300;884068261
1350;52686512
1350;99425230
1350;255472801
1350;5339403
1350;34704260
1350;72393417
1350;64705629
1300;1002810500
1300;367744973
1350;919158075
1350;16679567
1350;344372520
1350;164757986
1350;284649307
1300;953929511
1350;229220740
1350;216844749
1350;486609055
1350;59545326
1350;27121215
1300;520909335
1350;741616277
1350;163771304
1350;504049636
1300;1310145318
1350;444125266
1400;71331843
1300;929068623
1400;154192657
1400;27040207
1400;1601862
1400;219010906
1350;826170826
1350;480311966
1300;440610888
1300;668853899
1400;106904633
1350;298570158
1400;82411944
1350;658698226
1350;340500216
1400;118694017
1350;504739981
1300;711019067
1400;52021723
1350;244575170
1400;28219069
1350;284114138
1300;612059582
1400;164345230
1350;530289511
1400;144291326
1400;28743267
1400;5674050
1350;149729305
1400;400117370
1300;574051343
1250;774987822
1400;152620947
1400;96931022
1400;508357618
1300;671053426
1400;35370871
1350;329050881
1400;55535301
1350;536630425
1400;302993627
1400;260222114
1400;363290357
1350;1313648839
1300;1507991195
1400;87678220
1400;184931572
1350;612371360
1350;319087583
1400;317030498
1400;337942693
1350;416641770
1350;950318862
1400;322643520
1400;245293454
1400;198261980
1400;523656237
1350;1015414706
1400;94641047
1350;269591513
1400;89782173
1350;539783308
1400;132144465
1400;395301508
1400;317321014
1350;568621909
1400;276083827
1400;249051599
1350;433301217
1400;51499456
1400;173757200
1400;43009018
1400;146216454
1400;241068578
1400;509431999
1400;15777294
1350;699285250
1400;130380503
1400;22397653
1400;383193483
1300;848817293
1350;310613244
1400;189677963
1350;758221251
1400;122508868
1400;212346113
1250;1129774910
1400;58869959
1400;49073875
1350;520944144
1400;467011474
1350;381895155
1450;12559380
1450;42922657
1400;510921841
1450;4850246
1350;654530050
1400;530495720
1300;1639196958
1450;23628487
1350;500293843
1400;191202752
1400;57038739
1400;103930938
1400;76054690
1400;756628893
1400;178553750
1400;399640568
1450;96571515
1400;183597920
1400;722871043
1400;172279017
1450;29409234
1400;366036719
1400;226525656
1250;1128001089
1400;429974858
1450;187601189
1400;276809584
1450;61542001
1400;193771930
1400;365966403
1450;83127150
1450;312605462
1450;94414140
1350;1532966844
1450;89801083
1400;1386751288
1400;171593195
1400;350308096
1450;166029317
1250;1167022329
1400;417021171
1400;648033655
1450;271303863
1400;569994688
1450;68462249
1400;595690724
1450;160906434
1400;578869043
1450;207490309
1400;717330413
1450;90001530
1350;718290385
1400;498205918
1450;279095202
1450;222481945
1350;615351557
1400;916621664
1450;229050962
1450;143642946
1450;546195140
1400;361135999
1400;333815523
1450;19199402
1450;176874205
1450;162702694
1450;170472136
1400;432255848
1400;927904294
1250;1273107846
1450;573633673
1450;545947162
1450;230096576
1350;608877004
1450;47202410
1450;400416568
1450;726837756
1450;37831621
1450;13609795
1450;308148265
1450;194703109
1450;682396349
1450;13509936
1450;156361064
1450;139884846
1450;32153213
1450;255301345
1450;129945186
1400;497371164
1450;48305078
1450;758769951
1450;662739310
1450;273218044
1450;24226604
1450;74269482
1450;226259860
1450;23084835
1450;157319044
1400;388983276
1450;179000381
1400;410324316
1450;132583337
1500;8501708
1450;186220401
1450;215192951
1450;88962406
1450;558691394
1450;687537924
1500;50194065
1450;314400297
1500;170145992
1450;299203948
1450;381488458
1500;47893332
1450;340284163
1500;11669643
1400;1631285572
1450;476034364
1450;335493967
1450;320079556
1400;515579135
1450;459739870
1400;1240120100
1450;282937450
1450;377859682
1450;437881954
1450;880025788
1500;136560351
1450;656788163
1500;265889904
1500;112532591
1500;267070268
1450;336923172
1500;45101902
1450;1397059833
1400;771291502
1450;915917175
1450;1014874375
1450;277463659
1500;116786026
1450;240110460
1500;37807989
1500;455333160
1450;795750817
1450;592922395
1450;354653952
1500;80219539
1500;210821726
1500;525735973
1450;449677968
1500;528830709
1450;1103615235
1500;244614632
1400;624965423
1450;1360971436
1500;174301247
1400;683744215
1500;223559733
1450;592962524
1450;1344162721
1500;78761132
1500;88676105
1500;271910004
1450;653127595
1400;853400379
1500;517637788
1500;137940669
1500;219387588
1450;809016731
1500;83948654
1500;183787020
1500;35211154
1500;38727475
1450;361108581
1500;535479013
1500;382475385
1500;14149605
1500;338218427
1450;538169792
1500;30895004
1450;569005497
1500;472567041
1450;1588751466
1500;746835374
1500;281519779
1500;185229531
1500;74957122
1500;5688784
1500;18100726
1500;92531419
1500;985048989
1350;1256998462
1500;137224113
1500;97334240
1500;345966615
1500;68181099
1500;1024446437
1350;1360824551
1500;372093967
1500;25505778
1500;646865111
1500;231935630
1500;496905266
1500;201259981
1500;304207177
1500;253458071
1500;1220653787
1500;307858477
1500;254156384
1500;1066743647
1550;313842313
1500;312531213
1500;606071662
1450;1564246275
1500;256684414
1550;369842170
1450;808432846
1550;7256239
1400;1105002231
1550;410537639
1500;305100291
1500;229888114
1500;550601725
1500;593080512
1550;71711978
1550;43415124
1550;560628805
1550;469292441
1550;3667336
1500;538215684
1500;280271067
1550;42855876
1550;256409106
1550;282551437
1350;1364330289
1500;1163112274
1500;741635422
1300;1907076394
1550;67158116
1550;384572842
1500;756609712
1550;350933547
1550;326447689
1500;1074266695
1500;267780892
1400;1135754461
1550;257253899
1500;427201461
1500;561827590
1550;948225075
1550;81518016
1500;364538108
1500;1599107740
1500;1769581210
1450;752668802
1550;977972567
1500;603859341
1550;465004632
1550;281576004
1550;495176707
1550;27307069
1550;294835190
1550;230481732
1500;1169417128
1550;493639203
1500;404676371
1550;284437063
1500;563169225
1550;72502265
1550;138488966
1500;408469337
1550;268809160
1550;73395577
1550;127335903
1550;179223310
1550;320274632
1500;581400560
1550;297453040
1550;163049663
1550;313439677
1550;14874367
1550;36887430
1550;370794091
1550;245838621
1550;737414035
1500;449970665
1500;1276116575
1550;140724813
1550;56182610
1550;47741781
1550;44837510
1550;176433087
1500;766396716
1550;281577998
1550;256902749
1550;277892405
1550;857549489
1550;836311297
1550;265774990
1550;627306158
1550;111647701
1600;40863669
1450;928402967
1500;655614309
1550;201860198
1500;714765310
1500;828814785
1500;1126883380
1600;54992328
1500;1872916675
1600;240879499
1600;97723330
1550;167988115
1550;827067380
1550;271539090
1500;968602289
1600;55353967
1600;137349201
1550;1489518106
1600;116921133
1600;77127750
1550;179995045
1550;773190057
1550;1018089631
1600;439781105
1600;182986018
1600;82577761
1550;1144916561
1600;379911276
1550;943727503
1550;1321052586
1600;80727958
1550;675074242
1550;1101064545
1550;491194662
1600;161343292
1550;374673591
1550;622327229
1600;882038586
1550;677572874
1600;346895059
1550;373128057
1600;57927850
1450;1166257818
1550;492052616
1600;363320867
1550;1311532435
1600;19293612
1600;215261908
1550;892890099
1600;154947802
1550;1323793852
1600;69445374
1550;1876726136
1600;25925135
1500;1206504548
1550;564209008
1600;98308672
1600;97278775
1550;819074759
1600;3976160
1550;548072120
1600;9723244
1600;629227820
1600;146190047
1550;612836823
1550;458708967
1600;296875345
1600;265682782
1450;1366261708
1550;576984487
1600;53355308
1600;127214041
1550;478972642
1550;790944913
1600;492289812
1600;559261552
1550;1092786084
1600;332412438
1600;130704309
1600;190320577
1600;856365865
1600;415799597
1400;1772174218
1600;240356146
1450;1365736410
1550;1221929402
1600;839234254
1600;120824239
1600;229629176
1600;382335988
1600;131469893
1600;215950541
1550;891608137
1500;1043367205
1500;1829843534
1600;53712905
1650;7531716
1550;-1202958377
1600;190757513
1600;429338734
1600;733959999
1600;277731169
1600;80382103
1600;214398027
1650;4345557
1650;51495554
1600;416196783
1600;349969893
1600;102205951
1550;923698456
1600;347196551
1650;74944079
1650;235547053
1600;213611339
1600;217384619
1600;645198915
1550;803114162
1650;204325935
1600;242552367
1550;832011220
1550;1875821363
1600;578269120
1650;70185538
1600;226081685
1550;1090172605
1600;633501346
1600;346774320
1600;745907902
1650;202753706
1600;815501346
1600;358415194
1600;457898851
1650;347254847
1600;307154705
1650;114620132
1600;622303397
1650;373924642
1650;561294851
1600;1028011967
1600;330347894
1650;284466676
1600;431253278
1550;1347092776
1650;59883579
1600;463754196
1600;810674314
1550;1092393399
1650;203726911
1500;1461680643
1650;311060116
1650;305965325
1650;569555075
1650;318187933
1650;420289669
1650;145261252
1600;483912946
1650;127309914
1650;374560630
1650;228494333
1600;748108377
1650;67216210
1600;623583898
1650;39876951
1600;956551553
1600;463320613
1650;262897484
1650;497625652
1600;680246505
1650;45059058
1650;70431314
1650;29806674
1650;418095995
1650;477188040
1600;754458041
1600;-2139652389
1600;694850944
1600;998842365
1650;417083766
1650;26433259
1650;51452107
1650;548064353
1650;243062709
1650;385320804
1650;254557451
1550;1443425690
1600;1081376381
1600;898508541
1650;230801903
1650;508537133
1550;1641160558
1650;53759650
1600;1279939697
1650;31033433
1650;70567747
1650;250161581
1650;310787734
1600;1469164282
1650;545171073
1650;281052048
1650;493434509
1650;910001237
1650;459338719
1650;643328621
1650;630856250
1650;974577598
1650;540650474
1650;730280593
1650;1260460049
1600;1862275122
1700;139324648
1650;930842654
1650;810669712
1600;1351891721
1650;1250381057
1650;308430602
1650;498740130
1650;606127615
1700;120899623
1650;726211268
1700;98226058
1700;289930244
1650;953308689
1650;344150137
1650;792724866
1650;751970687
1700;319218739
1650;315909037
1700;237195278
1650;831088867
1650;401619912
1700;476868879
1650;1458570247
1650;897656559
1600;1757397110
1700;286396953
1700;198492238
1700;511574334
1500;-1414575515
1700;542431581
1700;1391732
1650;1157415427
1650;656750196
1650;1377986740
1700;184268980
1650;966430287
1700;113234925
1650;939622355
1700;379701373
1700;36845435
1650;1156925517
1650;2068276135
1600;1562381987
1650;1187276563
1650;1016497062
1700;580008945
1700;109881336
1650;938396921
1700;347400711
1700;22075443
1700;332376642
1650;820893217
1700;22905342
1600;1914879695
1700;719900742
1700;842262744
1700;445286762
1700;37664269
1700;897147620
1700;270385298
1700;267684429
1700;16651699
1700;525512075
1700;5385619
1650;954712434
1700;65801087
1600;1658605145
1700;125028329
1700;187305210
1650;902642420
1700;571425882
1650;1445979512
1700;13048009
1700;446444934
1700;456579992
1700;218725572
1700;697165592
1700;142889298
1700;28863837
1700;782204468
1700;868140940
1700;239422523
1650;1355903731
1700;88425605
1700;34189697
1700;696196106
1650;1128645756
1700;39833441
1700;273219254
1700;1109290474
1700;671728624
1750;9215926
1700;45784225
1650;1146483165
1700;1459156495
1700;208548698
1700;344962304
1750;30358392
1750;40263684
1700;155845121
1700;1196484754
1700;544622658
1700;975485616
1700;633845949
1600;-2013051041
1700;529978654
1700;656436137
1600;1933335390
1750;106090540
1750;112211072
1600;-2102234831
1700;388935121
1700;253822453
1700;583279710
1700;968279979
1700;960486421
1750;62653004
1650;1923911764
1750;47990922
1750;11719252
1750;65354923
1700;670742629
1650;1449796581
1700;509531726
1750;27557448
1750;223941127
1750;424723684
1700;510625020
1750;149513037
1750;29950994
1750;100868516
1750;41477706
1700;902628681
1750;456752194
1750;37409945
1750;539993870
1650;1551449288
1750;217137057
1700;1063699519
1700;-1822753905
1750;259882991
1750;84424547
1750;14659536
1650;-1953113272
1750;70431376
1750;556834478
1750;16490179
1700;633890340
1700;941539867
1750;758787615
1750;739976715
1750;467764473
1750;163517455
1700;1513023663
1700;751935496
1700;-1808171881
1750;576272392
1750;10627159
1700;1195861369
1750;13325778
1750;349312289
1750;359989063
1750;602317219
1700;656560343
1750;41194384
1750;457608423
1700;1032674090
1700;957574203
1750;56168854
1750;1945650674
1750;441888340
1750;201575601
1650;-1843385597
1700;1294889371
1750;623948367
1750;111808200
1750;873281155
1700;1140584128
1750;552097024
1750;191506741
1750;579995306
1750;215478368
1700;1476686445
1750;816662698
1750;609928230
1750;556037376
1750;279143908
1750;559610116
1750;434333363
1750;778498691
1800;3298112
1750;226756130
1750;365082699
1750;592054653
1650;-1533398889
1700;1270864853
1750;414925273
1700;1055281902
1700;1343066488
1750;1256984194
1800;216891659
1800;221482759
1700;-1879944743
1750;-1404991440
1800;163835265
1750;764456516
1800;121873989
1750;901229704
1800;61397544
1750;453311712
1800;50929387
1750;1458336630
1750;744614632
1750;1025476217
1750;-2101268242
1800;319612575
1800;74565413
1750;948764237
1750;838061630
1750;906663961
1800;57133193
1800;680737355
1700;-2088996596
1700;1680651835
1750;972260484
1750;1843659248
1800;351275743
1800;76847621
1750;-2046159367
1750;627777543
1800;31846753
1800;216476466
1700;2057228539
1800;97436165
1750;1270200774
1800;142440941
1800;163625064
1750;1022576416
1800;1062248399
1750;692452586
1800;242377939
1750;605842605
1800;1045602323
1750;1279842790
1750;698960986
1800;295298136
1800;180216285
1800;443994064
1750;768465913
1800;126648829
1800;989981776
1800;720029633
1700;-1725506999
1800;1067581210
1800;602875499
1800;125465266
1800;573528536
1650;-962442058
1800;136019434
1800;425567650
1800;736696444
1800;578629728
1650;-1410813741
1700;-1415853075
1800;845180656
1800;238380347
1800;111230483
1800;270184133
1750;2017397072
1750;1576480188
1750;1165025469
1800;407163139
1800;148634559
1750;1773758631
1800;207069517
1800;97904368
1700;-1731731433
1750;828789267
1800;766653591
1800;222958820
1800;4169184
1750;1684631754
1800;140438218
1750;1244068237
1800;356772380
1800;699114455
1800;23157203
1650;-1297006161
1800;433617647
1800;538274166
1800;1024215730
1750;1069353725
1850;12857719
1800;629312716
1800;236527047
1800;943510685
1800;1264877988
1800;781027203
1850;14206676
1800;670569981
1850;89067605
1800;483600760
1800;405750974
1800;1030095233
1800;793405300
1850;496975965
1800;1268449073
1800;691375984
1700;-1918364028
1850;461764265
1700;-2133794620
1850;89717976
1800;1169003821
1800;934195648
1800;812520599
1750;1989978293
1850;784821806
1800;912183784
1750;-274785768
1850;340372601
1800;932800821
1800;762203947
1800;1342868539
1850;639611416
1700;-1928412046
1800;1010206530
1850;349249601
1850;231813137
1850;246256071
1750;1871585239
1800;1118835568
1850;272486575
1850;119597114
1850;194259008
1750;-1923892999
1850;592574525
1850;781037441
1800;-1884359793
1800;949584250
1850;673905857
1850;598467422
1850;96377720
1800;1770370883
1800;1394894754
1850;1339357625
1800;782293402
1850;319304409
1800;1471222322
1850;488658912
1750;-1964201319
1850;248803405
1850;234616497
1850;59279939
1850;922086828
1800;-1053179640
1850;2071376
1850;1219993148
1850;233210641
1850;766668955
1850;161074883
1850;117193226
1850;1863028357
1850;251940183
1850;382995711
1850;1484774804
1800;1237151426
1850;761918463
1850;212181487
1850;33871725
1850;110207092
1850;280109331
1850;758496226
1850;321976448
1850;125540349
1850;272809723
1850;368878350
1850;614882262
1800;1479005196
1800;1204352674
1850;77698592
1850;538354314
1800;1523896659
1850;116695617
1850;256463198
1850;48293091
1800;1212204952
1850;1244476581
1850;225781447
1850;81845392
1800;-1068604718
1850;-1821474721
1800;1541755244
1850;342767364
1850;454914951
1750;-1033557302
1850;154819980
1850;1016167123
1850;203821848
1800;1512156174
1850;545620549
1850;352794542
1850;390547439
1850;397578796
1850;209498113
1900;136297793
1850;358147133
1850;557233591
1800;1401560079
1900;239975365
1900;724464993
1800;2143380903
1850;1739548862
1900;303406632
1850;747273085
1900;394298777
1800;1722971053
1850;1756791348
1800;-1654625096
1850;624124861
1750;-60139792
1850;1074567789
1850;-832853296
1900;330095118
1850;1745244393
1900;76478099
1900;748930337
1900;344648150
1850;1253648860
1850;1340369893
1850;545826257
1850;515585312
1900;279349188
1900;62871211
1900;388942900
1850;1944634503
1900;204333094
1800;-1819953520
1900;413211907
1900;524436328
1900;824855903
1900;569669922
1750;-1393587163
1900;211605432
1900;19320692
1900;1059327569
1900;971255502
1900;70728826
1900;845107678
1900;67417277
1850;1426771164
1900;1992889284
1800;2102146366
1850;891527093
1900;487047908
1850;1287410876
1900;426492639
1900;29630262
1900;402445866
1850;1362892278
1900;871109080
1900;1179002088
1900;1125083374
1900;199454378
1900;428362519
1900;276539431
1850;1733440120
1900;-2022159576
1900;407555541
1900;42205749
1900;160474046
1900;518313826
1900;74156000
1900;833864015
1850;1558429911
1900;626105830
1800;-1853876464
1900;-1782931892
1900;794686886
1850;-1722642048
1900;1068027692
1900;81535359
1750;-926273132
1900;1238303611
1850;-1358064250
1900;1065417512
1900;933850418
1900;879271015
1900;84843753
1900;726537986
1900;1226691603
1850;-858090389
1900;765210188
1900;259202268
1850;1569862486
1950;80978739
1950;252214103
1900;258645987
1900;866936000
1900;1592556646
1800;-1902821708
1900;761129916
1900;288771385
1900;575188547
1950;136333280
1950;74082579
1900;660186054
1850;-1648253695
1950;319678513
1900;815242957
1950;232165545
1950;21875837
1900;1622711296
1900;1384164545
1900;-2013306308
1850;1732758916
1950;204996546
1950;691188326
1900;980483413
1900;551170115
1900;1259740417
1900;1242390577
1850;-1747430026
1950;600542224
1850;1896456192
1900;1773759141
1900;-1724996938
1950;431036154
1900;967352501
1950;377103390
1950;57419464
1950;42087501
1950;25207161
1850;-479017350
1950;450619969
1850;-1837859220
1950;534417551
1900;1459705317
1950;934141720
1900;904352017
1950;335751499
1950;613218661
1950;249140711
1900;742017782
1900;1932091050
1950;277310275
1900;-1873871962
1950;795140785
1900;2104124935
1900;1907568316
1950;653642123
1900;-1920656941
1950;181727510
1950;1354578862
1950;442715113
1950;691679047
1900;1584244749
1950;1351405462
1950;115018043
1900;-407475625
1950;231050904
1950;309313048
1950;295694307
1950;543665109
1950;628077396
1800;-712807256
1950;485633747
1950;-2134750113
1950;241195260
1950;-2055162817
1950;321546624
1950;135124934
1950;1549243203
1900;1329136608
1950;68659974
1900;1773998945
1950;830408175
1950;146468725
1950;312848139
1950;138059969
1950;608033941
1950;745615046
1950;18526962
1850;-281240729
1950;1002281846
1950;1595544146
1950;625790778
1950;233008475
1950;1713408549
1950;571876277
1950;739623307
1950;913427259
1950;658618853
1950;606603526
1950;283018791
1950;242028456
1950;792619078
2000;15971081
1900;1365501620
1950;1092715084
1950;1723242378
2000;109447415
1950;251522479
1900;1284462049
1950;278757839
1950;164746865
1950;667655190
1950;1120909777
2000;34670490
1900;-2118983368
1950;249787307
1950;-1751867594
2000;293429820
1950;-924009367
2000;764605733
2000;51865740
1950;560971910
2000;234343322
2000;162962945
1950;497496560
2000;4495846
1950;457337933
1900;-1373531546
1800;-681402354
2000;131918823
2000;467990162
1950;-1732635150
1950;313069654
1950;773558993
2000;631879934
2000;137137278
2000;176044243
2000;78489043
1900;1525244731
2000;535214313
2000;1303170838
1950;961973992
2000;485486208
2000;300057903
2000;250568844
1900;1887993508
2000;439789034
2000;308397527
2000;139825272
2000;247050960
2000;1022790513
1950;-1024918887
2000;373495845
2000;367671328
2000;429644867
1950;1654772075
2000;102804611
2000;339314118
2000;313372245
2000;1470754162
2000;62979630
1950;1622598974
2000;1169394367
2000;813877298
2000;73083728
1950;-1394828539
2000;14528317
1900;-1368330002
1950;-1882786449
2000;362722671
1950;-1752022583
2000;357574831
2000;797825977
2000;176004683
2000;97186330
2000;1116477832
2000;291115864
2000;187960594
2000;362350758
2000;136149014
2000;1277939050
1800;688961175
1950;1984665452
2000;-1828524104
1950;-1602020327
2000;216063434
1900;-2124860552
2000;1413224327
2000;45132755
2000;982169395
2000;1590173567
1900;-2143330237
1950;-1629200564
2000;403476433
1900;-1357410551
2000;355389881
2000;-2029638647
2000;331983786
2000;324985414
2000;206701108
1900;-1039239105
2000;974811204
2000;2011024444
2000;1372316111
2000;1522520207
2000;-1252124903
2000;1579633544
1950;1281257811
2000;-2003468380
2000;2106321542
2000;914831723
2000;2077330902
2000;-1938329523
1950;1674462417
2000;1005826009
2000;2040362852
2000;1269405259
2000;1450335638
2000;1981889320
2000;-1607224284
2000;1514200465
2000;410516838
1950;-806922998
2000;826482223
1850;220443567
1950;-1796811940
2000;1606400696
2000;48953943
2000;1103857801
2000;1256567601
1900;108663893
2000;-1450566963
2000;1180711925
1950;1515852837
2000;1040910506
1950;-1963960061
2000;1300862110
2000;-661074339
2000;1680615424
2000;-304981005
2000;1485436148
1950;-287554831
1850;860179657
2000;1508575376
2000;1934560711
1950;-1579042922
1950;-1270434840
2000;-912268164
1900;523193486
1950;-680308756
2000;-1227137642
2000;-443399442
2000;77570420
2000;650908081
1900;-1394507019
2000;76959813
1950;-558560022
