n;cover time
100;32730
100;8852
100;6865
100;13293
100;10893
100;11251
100;5836
100;3016
100;3548
100;5631
100;5428
100;11814
100;21592
100;41085
100;25183
100;5416
100;7584
100;37629
100;19832
100;11319
100;8083
100;29737
100;19412
100;3500
100;5944
100;16875
100;18933
100;24928
100;11086
100;14046
100;7149
100;9412
100;17711
100;7506
100;10818
100;26770
100;14435
100;12993
100;2316
100;5877
100;5548
100;6630
100;4840
100;5973
100;19473
100;10751
100;9402
100;8886
100;24869
100;10149
100;6893
100;9370
100;15883
100;13908
100;4434
100;9514
100;19503
100;5900
100;10702
100;6296
100;30396
100;2118
100;5252
100;16780
100;7562
100;10202
100;6051
100;19549
100;11620
100;13757
100;2777
100;34530
100;12238
100;12099
100;10663
100;18752
100;12167
100;7201
100;32445
100;8634
100;9866
100;13511
100;6175
100;3760
100;19005
100;14908
100;13356
100;17357
100;9768
100;16315
100;13691
100;14375
100;6990
100;8262
100;28967
100;2776
100;11994
100;8179
100;7804
100;8264
150;6985
150;7706
150;26293
150;39207
150;44005
150;19353
150;22873
150;24173
150;19873
150;37269
150;11808
150;15536
150;40469
150;29998
150;38091
150;17290
150;20418
150;29316
150;30331
150;8153
150;89501
150;25726
150;16286
150;24764
150;26879
150;16176
150;7788
150;21371
150;19847
150;9116
150;8614
150;8315
150;33621
150;15011
150;12655
150;38614
150;38449
150;27569
150;30461
150;12370
150;9433
150;11823
150;49616
150;34988
150;29839
150;14705
150;39677
150;54532
150;21147
150;12629
150;18565
150;51507
150;90031
150;45024
150;21665
150;49305
150;15665
150;31828
150;11963
150;60160
150;18668
150;33086
150;17556
150;16503
150;35904
150;35151
150;22220
150;20639
150;30247
150;25839
150;11881
150;39339
150;7995
150;46937
150;41034
150;11759
150;26131
150;25581
150;19517
150;14113
150;34644
150;14407
150;41212
150;38286
150;14698
150;50075
150;18975
150;10151
150;34175
150;11781
150;57586
150;12277
150;10158
150;9391
150;9925
150;18552
150;14521
150;41194
150;18166
150;22629
200;46890
200;49340
200;75300
200;115889
200;24250
200;39881
200;53301
200;56252
200;8879
200;56483
200;28460
200;17228
200;65061
200;100834
200;104452
200;22949
200;20364
200;51808
200;174041
200;59339
200;69135
200;20432
200;32430
200;68433
200;18276
200;31480
200;31952
200;68297
200;19109
200;63256
200;126978
200;41301
200;13100
200;31422
200;36437
200;30248
200;99891
200;33982
200;57790
200;26263
200;47680
200;24976
200;23573
200;39046
200;60882
200;66804
200;119237
200;20215
200;74556
200;50901
200;16727
200;50072
200;38854
200;93232
200;32258
200;30629
200;99924
200;56660
200;54046
200;47020
200;40472
200;56857
200;39140
200;10440
200;28191
200;12905
200;49194
200;89905
200;11672
200;22215
200;32494
200;91262
200;41748
200;59156
200;62750
200;45589
200;124947
200;235599
200;38264
200;96624
200;30120
200;20041
200;33180
200;174949
200;39093
200;24219
200;8897
200;36946
200;56773
200;67070
200;21588
200;115290
200;81731
200;183212
200;26242
200;135057
200;84730
200;37292
200;91749
200;162470
250;78259
250;127000
250;88851
250;106293
250;21515
250;86936
250;155152
250;225442
250;33027
250;30075
250;100343
250;135304
250;164797
250;17224
250;66795
250;44522
250;199405
250;71466
250;44125
250;150911
250;60268
250;342455
250;20327
250;77464
250;23463
250;73739
250;13899
250;137971
250;74448
250;152302
250;73186
250;84065
250;20200
250;34416
250;105023
250;79543
250;40593
250;29671
250;123674
250;73897
250;108525
250;53961
250;41052
250;49122
250;15669
250;83696
250;66209
250;72003
250;23645
250;25859
250;33491
250;91518
250;34405
250;40386
250;47798
250;36033
250;175521
250;43723
250;54556
250;100522
250;36041
250;41977
250;58468
250;57937
250;34551
250;23984
250;42059
250;84924
250;53693
250;34972
250;36543
250;57912
250;51914
250;44071
250;19470
250;117414
250;48498
250;17265
250;111767
250;95089
250;65130
250;44778
250;33535
250;38428
250;225837
250;61813
250;20024
250;51097
250;113933
250;68565
250;54979
250;32510
250;62363
250;111615
250;21319
250;42295
250;98957
250;22454
250;93172
250;137160
300;121234
300;183755
300;37361
300;42963
300;103117
300;86670
300;54283
300;56027
300;146767
300;62065
300;155036
300;134528
300;150431
300;74508
300;91958
300;83608
300;35943
300;84589
300;43752
300;128867
300;61786
300;18095
300;281946
300;169379
300;57356
300;134886
300;42773
300;77335
300;263587
300;55275
300;97300
300;121548
300;139567
300;98763
300;184718
300;82596
300;190050
300;60815
300;97859
300;121542
300;206916
300;84749
300;168636
300;154000
300;188091
300;103716
300;46010
300;51574
300;159880
300;55481
300;26768
300;112263
300;47795
300;145457
300;251391
300;57671
300;102373
300;93182
300;167514
300;172634
300;125802
300;35118
300;37028
300;150517
300;167248
300;113823
300;59299
300;45189
300;26573
300;77141
300;228589
300;38553
300;28700
300;102877
300;258012
300;203335
300;220273
300;48553
300;281223
300;151632
300;67889
300;53131
300;180416
300;93672
300;70931
300;221010
300;78706
300;53766
300;84009
300;106019
300;291196
300;105909
300;40055
300;91097
300;20973
300;96850
300;156202
300;203192
300;98871
300;213162
350;340954
350;101380
350;67326
350;75253
350;205834
350;52163
350;109636
350;207110
350;104615
350;137604
350;219404
350;128023
350;59449
350;265602
350;218411
350;346791
350;93944
350;274214
350;111686
350;150143
350;37663
350;115579
350;736254
350;170494
350;411933
350;349877
350;90754
350;195563
350;284329
350;192797
350;142852
350;235095
350;127560
350;61343
350;64444
350;98907
350;321728
350;92768
350;243872
350;74872
350;186172
350;57420
350;82703
350;49268
350;306777
350;252648
350;125116
350;50751
350;106537
350;175626
350;79667
350;188010
350;29291
350;90984
350;58907
350;213016
350;174235
350;66543
350;118578
350;53217
350;367185
350;90490
350;237643
350;206471
350;115156
350;63088
350;64750
350;247333
350;261165
350;51223
350;236713
350;111132
350;132190
350;191082
350;77440
350;157050
350;138039
350;229524
350;76619
350;96752
350;77101
350;175355
350;76180
350;293798
350;102855
350;255655
350;72701
350;95662
350;412587
350;150259
350;84054
350;42781
350;44721
350;47803
350;55965
350;179530
350;100692
350;219345
350;138567
350;100857
400;376433
400;367784
400;444169
400;74877
400;161341
400;101242
400;47130
400;124685
400;163931
400;283138
400;111010
400;105571
400;442495
400;206302
400;201407
400;159425
400;386566
400;238617
400;427651
400;71931
400;80251
400;219188
400;74216
400;187977
400;72427
400;304007
400;130753
400;199279
400;171155
400;173284
400;188729
400;247403
400;371623
400;161276
400;124785
400;227237
400;383430
400;309804
400;81749
400;177060
400;55185
400;372881
400;145403
400;167816
400;581852
400;278470
400;147605
400;195860
400;176459
400;169880
400;98543
400;226890
400;142765
400;97946
400;261893
400;338674
400;119957
400;342406
400;43877
400;402392
400;118333
400;202165
400;202402
400;140999
400;232903
400;147823
400;79740
400;316529
400;313435
400;241284
400;264259
400;171516
400;55923
400;119653
400;155735
400;121991
400;410440
400;124856
400;181265
400;494721
400;142454
400;117581
400;313617
400;250640
400;89329
400;118572
400;185626
400;55847
400;70172
400;195035
400;106868
400;144641
400;130869
400;396606
400;205225
400;224304
400;327260
400;165692
400;187192
400;450842
450;201170
450;497600
450;106306
450;248497
450;56900
450;535040
450;140497
450;106381
450;93898
450;295768
450;450052
450;262388
450;309945
450;637791
450;223101
450;95717
450;244241
450;155502
450;98522
450;363248
450;281908
450;333787
450;105654
450;111141
450;228706
450;254990
450;78406
450;132950
450;225311
450;61957
450;307268
450;219434
450;142112
450;474322
450;179889
450;350810
450;492618
450;696453
450;503142
450;257729
450;170156
450;198945
450;160137
450;183399
450;71079
450;113768
450;310191
450;435703
450;464450
450;184049
450;273945
450;181525
450;58937
450;209979
450;64544
450;136731
450;180674
450;553490
450;189624
450;106958
450;172847
450;156297
450;266666
450;841997
450;86989
450;574110
450;83490
450;152071
450;187496
450;975843
450;124240
450;245122
450;291578
450;121725
450;352489
450;122250
450;65707
450;84926
450;588903
450;98493
450;313425
450;278496
450;136586
450;435930
450;113245
450;227971
450;971786
450;126625
450;208904
450;183078
450;83447
450;247902
450;167830
450;292505
450;140865
450;159595
450;490912
450;387468
450;114623
450;681062
500;330884
500;649667
500;153306
500;101859
500;296018
500;226411
500;658183
500;446979
500;160978
500;667504
500;255418
500;199345
500;241330
500;958577
500;94565
500;160598
500;329807
500;449229
500;168218
500;94181
500;116235
500;383377
500;301476
500;176577
500;157856
500;153895
500;258574
500;175283
500;231131
500;299538
500;180838
500;321451
500;173604
500;431489
500;278305
500;242874
500;186499
500;587520
500;115026
500;312183
500;402260
500;239359
500;327519
500;129404
500;325430
500;449958
500;234438
500;210932
500;505898
500;570598
500;243118
500;247487
500;568609
500;280930
500;131352
500;239171
500;201681
500;323011
500;143986
500;187440
500;55831
500;222641
500;466610
500;50901
500;507223
500;95787
500;343938
500;430208
500;297004
500;295503
500;168460
500;147137
500;416000
500;235867
500;1032704
500;72453
500;147882
500;186463
500;410994
500;328401
500;362588
500;313871
500;84166
500;401434
500;197378
500;260771
500;178372
500;277936
500;184681
500;178352
500;809154
500;239454
500;152562
500;499084
500;253783
500;183367
500;234787
500;232986
500;459221
500;324075
550;167390
550;175300
550;185308
550;445575
550;431109
550;1165882
550;371208
550;86422
550;187077
550;129246
550;565043
550;244310
550;258048
550;134364
550;293170
550;577313
550;576187
550;352947
550;267830
550;243782
550;329897
550;238941
550;456073
550;170809
550;588656
550;521127
550;299340
550;328283
550;775150
550;868834
550;390330
550;664637
550;399463
550;414530
550;775781
550;372690
550;115091
550;324492
550;919100
550;666886
550;195473
550;311424
550;722535
550;621800
550;146786
550;155412
550;327002
550;303881
550;675075
550;441577
550;602703
550;177521
550;1432480
550;112955
550;737084
550;113418
550;172103
550;629133
550;113313
550;419870
550;328508
550;147222
550;458619
550;318606
550;169573
550;761891
550;207673
550;674808
550;366157
550;340030
550;119300
550;440733
550;460550
550;129596
550;169495
550;227105
550;213588
550;189253
550;246604
550;517515
550;161479
550;209407
550;255791
550;237310
550;144966
550;547341
550;1758829
550;278932
550;822015
550;192690
550;324256
550;545325
550;472547
550;683952
550;429536
550;274469
550;354380
550;202817
550;135788
550;777127
600;154382
600;806529
600;240158
600;291097
600;224600
600;411562
600;441211
600;229004
600;289598
600;536741
600;310480
600;546707
600;205650
600;143331
600;223372
600;242252
600;506253
600;564399
600;174208
600;560667
600;648340
600;1002242
600;410401
600;285403
600;122678
600;886232
600;328720
600;255475
600;372711
600;532893
600;145880
600;482993
600;489402
600;390725
600;326372
600;671742
600;538791
600;349165
600;108371
600;524592
600;240392
600;128282
600;799134
600;845153
600;361127
600;341607
600;425783
600;365752
600;207748
600;188235
600;1038143
600;319790
600;394672
600;113783
600;246710
600;459163
600;74868
600;321996
600;280343
600;187700
600;595059
600;871268
600;83800
600;315740
600;526428
600;261711
600;864452
600;320102
600;484484
600;833070
600;459456
600;455845
600;574931
600;608424
600;91847
600;751237
600;918703
600;1310343
600;437244
600;544384
600;537720
600;621482
600;438743
600;205039
600;229485
600;425118
600;135571
600;89674
600;117840
600;505690
600;184555
600;831124
600;597868
600;445350
600;152842
600;663703
600;421113
600;729359
600;477031
600;285292
650;536996
650;689856
650;569941
650;821497
650;787041
650;272298
650;700825
650;246155
650;428817
650;246067
650;868994
650;522826
650;383198
650;266023
650;596542
650;599788
650;86229
650;292578
650;491930
650;1284556
650;768868
650;756323
650;1028443
650;343252
650;365399
650;887195
650;624354
650;1106955
650;192203
650;95378
650;284837
650;196218
650;874408
650;126539
650;890780
650;284776
650;603828
650;582732
650;517140
650;486789
650;516175
650;797221
650;981500
650;342431
650;747530
650;683050
650;329644
650;1018418
650;778350
650;302193
650;591236
650;1284840
650;249661
650;299823
650;345957
650;819289
650;448099
650;202088
650;505248
650;676609
650;264768
650;311289
650;454579
650;740903
650;279858
650;119438
650;463583
650;580286
650;524942
650;534400
650;425965
650;244041
650;187484
650;533084
650;246350
650;535420
650;1438983
650;445847
650;669187
650;573970
650;190062
650;363530
650;397548
650;1062632
650;252078
650;337272
650;795216
650;215237
650;100812
650;313370
650;505395
650;243821
650;282266
650;1005559
650;279650
650;615137
650;321185
650;349522
650;1485264
650;313816
700;552686
700;281822
700;185868
700;469854
700;134918
700;590345
700;211247
700;480765
700;1266422
700;482147
700;759019
700;648940
700;929704
700;253613
700;264607
700;737524
700;449707
700;381490
700;1457323
700;733790
700;385167
700;477192
700;454975
700;656581
700;324332
700;391387
700;299863
700;304962
700;388140
700;209669
700;1176328
700;795597
700;771154
700;283411
700;735904
700;426714
700;594054
700;202682
700;1777591
700;623383
700;983029
700;968673
700;509122
700;1249296
700;895577
700;534248
700;453568
700;383744
700;635819
700;315407
700;505547
700;654426
700;332150
700;531312
700;1654820
700;350045
700;368787
700;301411
700;588737
700;699919
700;293495
700;353765
700;987835
700;1543403
700;443335
700;436979
700;1175020
700;855154
700;726955
700;498955
700;284912
700;324847
700;343999
700;616968
700;266502
700;486084
700;486101
700;298603
700;972960
700;1057317
700;553294
700;1147392
700;1056529
700;455507
700;531902
700;333430
700;427336
700;866265
700;810700
700;361793
700;586934
700;707832
700;609639
700;554751
700;376020
700;1716736
700;1120787
700;1404896
700;644751
700;748017
750;212285
750;561833
750;637829
750;284319
750;523419
750;427821
750;1028457
750;650183
750;452741
750;624570
750;665889
750;1490544
750;1452700
750;272476
750;660193
750;1149405
750;542037
750;265200
750;662360
750;330523
750;377509
750;925333
750;530482
750;338617
750;537632
750;2732333
750;408355
750;396012
750;520631
750;413598
750;518831
750;520287
750;430792
750;225458
750;334253
750;235240
750;2783595
750;413066
750;441107
750;713715
750;377854
750;1649300
750;280981
750;711534
750;537017
750;951804
750;530513
750;697744
750;241819
750;1147499
750;466226
750;1462501
750;1058058
750;347336
750;940107
750;606365
750;355851
750;486024
750;163746
750;1628855
750;480362
750;1110089
750;617536
750;231324
750;481749
750;510221
750;702715
750;359618
750;1118310
750;564084
750;166130
750;539682
750;186263
750;1032174
750;551909
750;879745
750;811988
750;1026556
750;439986
750;729003
750;436619
750;682327
750;447966
750;902201
750;228597
750;324583
750;1239110
750;592383
750;996002
750;137259
750;1139686
750;948583
750;607593
750;342442
750;300057
750;1311852
750;351344
750;1019084
750;1136088
750;673497
800;1224066
800;1437785
800;1289713
800;1933330
800;1691854
800;388813
800;1548378
800;862685
800;918512
800;943159
800;319417
800;760296
800;545257
800;581245
800;385622
800;3764798
800;1739447
800;381191
800;928138
800;481225
800;324301
800;589770
800;361908
800;710405
800;998544
800;1168857
800;640074
800;2550118
800;743000
800;268709
800;1124105
800;987793
800;901616
800;821878
800;327410
800;650538
800;2028915
800;373220
800;407760
800;162593
800;1506863
800;986797
800;376156
800;1087184
800;2114637
800;1520450
800;451840
800;761193
800;273727
800;720277
800;187124
800;778834
800;892883
800;515278
800;806635
800;284546
800;1267694
800;246969
800;573497
800;710050
800;645686
800;2163957
800;428020
800;1762090
800;455955
800;422202
800;329809
800;1255860
800;587036
800;1350691
800;577002
800;502701
800;511462
800;786400
800;1035917
800;677745
800;621566
800;3184706
800;552986
800;503171
800;383875
800;874714
800;378184
800;760593
800;242010
800;513028
800;431328
800;1128347
800;504887
800;817661
800;690045
800;433803
800;351224
800;375182
800;828452
800;155729
800;797466
800;951529
800;1702064
800;327957
850;610538
850;1271638
850;410563
850;1062831
850;1011406
850;504666
850;305241
850;765262
850;1024961
850;735945
850;1537282
850;1885083
850;682592
850;1310987
850;1554807
850;485215
850;1145881
850;864105
850;2066628
850;419604
850;468076
850;981109
850;1080421
850;321364
850;684417
850;721214
850;287057
850;966455
850;1681666
850;829986
850;994569
850;727658
850;1143088
850;195359
850;1416039
850;1446925
850;1102652
850;898713
850;1116591
850;570578
850;307887
850;331452
850;313031
850;1017338
850;337735
850;2973560
850;639595
850;812821
850;690306
850;900757
850;1241246
850;441214
850;328388
850;656468
850;611919
850;520035
850;776086
850;1969781
850;366557
850;1306724
850;207456
850;517622
850;2017431
850;898862
850;389632
850;450218
850;554484
850;275109
850;1217280
850;325744
850;478583
850;384470
850;838486
850;386585
850;829853
850;209689
850;736800
850;966184
850;2166793
850;834452
850;1071373
850;284434
850;343711
850;287933
850;850739
850;1555627
850;445761
850;773882
850;253646
850;631042
850;2358014
850;481912
850;729306
850;1408853
850;908787
850;1030277
850;502124
850;1022533
850;535192
850;1217647
900;273091
900;893991
900;1709883
900;994364
900;417618
900;1364019
900;576649
900;495079
900;752135
900;323615
900;3002736
900;1343140
900;546219
900;1810071
900;1055745
900;971294
900;1373993
900;1061605
900;1079898
900;1757573
900;709721
900;563457
900;933819
900;920736
900;739619
900;1028304
900;813582
900;420180
900;673989
900;300430
900;877214
900;636780
900;797182
900;358768
900;2244693
900;254430
900;362407
900;514607
900;568088
900;1284090
900;554314
900;934149
900;1486980
900;1103178
900;1160857
900;1383295
900;1172610
900;491677
900;2956413
900;1409939
900;923746
900;1396057
900;2058409
900;340941
900;2014364
900;767753
900;790470
900;467864
900;842076
900;1881660
900;1252208
900;2491797
900;732284
900;952122
900;813440
900;619197
900;504045
900;2058321
900;1967907
900;857179
900;973506
900;659579
900;1300699
900;220851
900;1129380
900;449516
900;2936293
900;439140
900;915039
900;468646
900;1252592
900;1700222
900;2590839
900;521431
900;2008435
900;1092155
900;361171
900;545504
900;463042
900;562112
900;1385412
900;462057
900;1147707
900;940118
900;1563536
900;584551
900;821058
900;1663055
900;949090
900;193767
950;912689
950;1058008
950;3318619
950;510151
950;849425
950;525106
950;705767
950;451719
950;787685
950;629933
950;578368
950;949229
950;2116739
950;2270604
950;543284
950;1606281
950;526210
950;938655
950;486489
950;2403325
950;1854413
950;554067
950;354434
950;1999320
950;1489797
950;472341
950;1715211
950;156251
950;941417
950;528292
950;1218240
950;1028916
950;1623093
950;907590
950;543137
950;1144500
950;209720
950;613663
950;719436
950;952133
950;467340
950;2927032
950;1559138
950;1184393
950;1282837
950;501258
950;1279675
950;975155
950;1041250
950;1378937
950;622601
950;438407
950;609036
950;773537
950;632880
950;1508761
950;849653
950;1220510
950;1714526
950;333089
950;1425017
950;1187282
950;140739
950;887746
950;1339981
950;355637
950;1633640
950;553487
950;480909
950;2873286
950;689179
950;653664
950;572425
950;1603031
950;626160
950;926569
950;1277148
950;533731
950;2386271
950;670419
950;2831044
950;461012
950;275018
950;661305
950;1701994
950;874890
950;1181624
950;697850
950;1728775
950;162434
950;297286
950;570408
950;474879
950;463838
950;1611914
950;674449
950;957543
950;542223
950;2282238
950;179047
1000;1566740
1000;2093672
1000;538740
1000;1057847
1000;882328
1000;1473602
1000;912043
1000;775921
1000;1113560
1000;4891439
1000;1534702
1000;903734
1000;2355479
1000;415045
1000;1002404
1000;747357
1000;932429
1000;816479
1000;1118005
1000;1277539
1000;737929
1000;2928635
1000;1052920
1000;290473
1000;430737
1000;333639
1000;1010656
1000;1523676
1000;971366
1000;1765969
1000;721013
1000;914559
1000;2279922
1000;537764
1000;2449804
1000;914936
1000;2098238
1000;3030180
1000;1724960
1000;1469080
1000;2147642
1000;1092425
1000;1208417
1000;412705
1000;1755642
1000;882391
1000;776711
1000;3164076
1000;711449
1000;1494935
1000;764883
1000;2362247
1000;1214375
1000;1207522
1000;1461967
1000;666101
1000;1431948
1000;1280379
1000;1113203
1000;1298050
1000;472089
1000;3536301
1000;808385
1000;657731
1000;2816023
1000;443237
1000;1315069
1000;722910
1000;734958
1000;625192
1000;1182288
1000;576452
1000;715067
1000;2903607
1000;407525
1000;237938
1000;2137511
1000;1037174
1000;1388546
1000;623449
1000;2032041
1000;1249543
1000;1233754
1000;1167746
1000;407457
1000;1634309
1000;711271
1000;426143
1000;1623561
1000;660205
1000;2010682
1000;430374
1000;1180660
1000;623560
1000;406626
1000;1347598
1000;4494174
1000;599200
1000;922197
1000;3265190
1050;431253
1050;1074212
1050;1492501
1050;646849
1050;884038
1050;2521811
1050;642220
1050;938766
1050;749149
1050;1068751
1050;1138555
1050;931962
1050;475122
1050;1854121
1050;4381112
1050;964362
1050;924942
1050;594714
1050;2332043
1050;668935
1050;637764
1050;553073
1050;1895527
1050;1372131
1050;1428420
1050;1811427
1050;669323
1050;1610644
1050;250169
1050;1440023
1050;2405399
1050;1979995
1050;1487985
1050;1526754
1050;446102
1050;1184629
1050;2109832
1050;2405879
1050;1293129
1050;1164657
1050;2642781
1050;1216478
1050;1389680
1050;1214438
1050;856751
1050;3917786
1050;867636
1050;726642
1050;2160201
1050;2741211
1050;765061
1050;859952
1050;1623344
1050;1069193
1050;1810180
1050;900020
1050;574394
1050;1999426
1050;2362356
1050;1154686
1050;2179435
1050;2018818
1050;286483
1050;1991664
1050;634339
1050;779609
1050;1530652
1050;898977
1050;1356147
1050;1364199
1050;2069727
1050;1515901
1050;1721435
1050;2106146
1050;1031170
1050;2217322
1050;1330720
1050;805913
1050;2416598
1050;507603
1050;1461993
1050;4269120
1050;567761
1050;767667
1050;2385901
1050;349922
1050;223423
1050;873407
1050;690668
1050;2070786
1050;394347
1050;1013364
1050;1900541
1050;492263
1050;2642908
1050;729091
1050;1096195
1050;626436
1050;1363958
1050;957827
1100;1606486
1100;1123634
1100;1491349
1100;669513
1100;2041801
1100;1270931
1100;2106500
1100;456042
1100;612164
1100;1580457
1100;1539293
1100;1996832
1100;761316
1100;671305
1100;618218
1100;1202994
1100;728014
1100;860348
1100;2012285
1100;1104996
1100;1301045
1100;581382
1100;1815008
1100;1464129
1100;1453303
1100;1209583
1100;1044087
1100;593603
1100;2788291
1100;3329088
1100;1108689
1100;532127
1100;1164433
1100;3404283
1100;1170339
1100;1625393
1100;651287
1100;338904
1100;1044151
1100;748251
1100;2294276
1100;1906394
1100;2884006
1100;456983
1100;982117
1100;1163804
1100;499485
1100;1660526
1100;2449516
1100;1054650
1100;1118386
1100;289199
1100;1272836
1100;595568
1100;286980
1100;1030961
1100;1150578
1100;332406
1100;1434062
1100;1066236
1100;1428775
1100;2803248
1100;487521
1100;651461
1100;1351513
1100;533084
1100;2113111
1100;2724098
1100;703736
1100;794355
1100;2717237
1100;1169900
1100;1583572
1100;2510646
1100;508144
1100;1452338
1100;2333210
1100;2075282
1100;1549500
1100;3177590
1100;448741
1100;1682166
1100;1492869
1100;1306689
1100;1805439
1100;2843487
1100;1516572
1100;1632954
1100;1118037
1100;4744529
1100;1980501
1100;784735
1100;628680
1100;487800
1100;306253
1100;545377
1100;1952836
1100;923661
1100;848686
1100;1780580
1150;686275
1150;511698
1150;3496664
1150;721138
1150;1188677
1150;1101609
1150;1243850
1150;1665073
1150;1051085
1150;2715146
1150;323791
1150;1974200
1150;2374206
1150;417496
1150;914058
1150;1166796
1150;500915
1150;1820889
1150;540330
1150;3019000
1150;656949
1150;1860326
1150;588726
1150;1669272
1150;2290772
1150;4576306
1150;816891
1150;884092
1150;973273
1150;3301820
1150;1330325
1150;1636718
1150;668158
1150;1725717
1150;656320
1150;1388746
1150;946680
1150;2617052
1150;3648208
1150;1083286
1150;2447223
1150;4028513
1150;1458910
1150;2131651
1150;1360475
1150;624974
1150;1707487
1150;1006249
1150;1456900
1150;381298
1150;1338384
1150;1494446
1150;881104
1150;1964244
1150;1070939
1150;1816791
1150;480388
1150;854273
1150;1916026
1150;1679068
1150;731359
1150;426031
1150;1690859
1150;1092619
1150;1714658
1150;1438459
1150;814684
1150;2823773
1150;4312795
1150;2687719
1150;1389831
1150;994513
1150;1941901
1150;799481
1150;787656
1150;1337391
1150;1429004
1150;3414165
1150;5226472
1150;639556
1150;4043012
1150;1185542
1150;1339934
1150;843800
1150;2661269
1150;1441286
1150;1326087
1150;872201
1150;1432753
1150;2702938
1150;1327621
1150;2727998
1150;4711384
1150;2338504
1150;746770
1150;3840472
1150;415181
1150;1980645
1150;1109353
1150;1934314
1200;1887950
1200;548404
1200;2197311
1200;482326
1200;2938209
1200;909793
1200;1938110
1200;604916
1200;2067037
1200;2350225
1200;977105
1200;4980585
1200;1267992
1200;1356377
1200;907716
1200;1220295
1200;1288046
1200;3062496
1200;2200911
1200;1304795
1200;2175765
1200;2850570
1200;3448612
1200;1389808
1200;3287427
1200;1039351
1200;8256207
1200;593126
1200;3037656
1200;2005264
1200;513221
1200;1105154
1200;701689
1200;1847724
1200;1070583
1200;1417671
1200;3157119
1200;2367330
1200;502838
1200;1133235
1200;711813
1200;1958538
1200;2256561
1200;1142398
1200;1794466
1200;2345552
1200;4359866
1200;856574
1200;644897
1200;335736
1200;1494039
1200;1086169
1200;701579
1200;1080467
1200;1521843
1200;1489388
1200;970861
1200;568558
1200;1400749
1200;6603282
1200;624855
1200;1156017
1200;2768869
1200;2365773
1200;845513
1200;4747272
1200;1198329
1200;4022191
1200;1534283
1200;1409961
1200;2304505
1200;645866
1200;3151610
1200;896536
1200;535667
1200;1175698
1200;4239048
1200;1434973
1200;4490350
1200;2319448
1200;2308208
1200;875353
1200;277665
1200;774830
1200;1941073
1200;3647161
1200;739324
1200;731630
1200;758042
1200;1422613
1200;1396754
1200;616748
1200;995424
1200;1543523
1200;4160296
1200;1073708
1200;1310493
1200;966011
1200;1361840
1200;1824368
1250;2923313
1250;2253991
1250;398279
1250;757903
1250;2174777
1250;1203264
1250;545449
1250;1055885
1250;298823
1250;1957783
1250;835755
1250;1195640
1250;713462
1250;5598065
1250;1506669
1250;6116115
1250;1690541
1250;3037139
1250;1363673
1250;2813344
1250;1466406
1250;1654985
1250;1470220
1250;2294628
1250;3548240
1250;1403175
1250;1333000
1250;2269823
1250;2355392
1250;1889563
1250;1166416
1250;858581
1250;818906
1250;1252756
1250;4027231
1250;1193650
1250;2163232
1250;499161
1250;2843404
1250;791190
1250;2025182
1250;1264173
1250;395253
1250;834877
1250;1603876
1250;2413979
1250;942729
1250;2274478
1250;5197339
1250;2245801
1250;3134555
1250;635019
1250;1127713
1250;820568
1250;1157537
1250;1823548
1250;2350423
1250;1032093
1250;2042039
1250;2207940
1250;850875
1250;1935074
1250;1032154
1250;1981877
1250;1955169
1250;3297908
1250;2673220
1250;2161223
1250;643380
1250;4160433
1250;2282389
1250;3230487
1250;10690678
1250;3124271
1250;1531202
1250;1006613
1250;3433872
1250;1192290
1250;2105836
1250;5098301
1250;2382233
1250;654458
1250;969343
1250;438908
1250;1163385
1250;1308880
1250;2777357
1250;2567993
1250;1002384
1250;1287085
1250;2937178
1250;1792429
1250;1988582
1250;2606779
1250;965525
1250;1040188
1250;1033710
1250;5493305
1250;2212610
1250;2070775
1300;1632170
1300;785728
1300;4574033
1300;448130
1300;718909
1300;2650498
1300;11096786
1300;1542784
1300;2273571
1300;3388049
1300;705304
1300;3210425
1300;2324697
1300;782817
1300;2074588
1300;604839
1300;2031396
1300;891987
1300;5566386
1300;1113037
1300;1829361
1300;1270532
1300;2800167
1300;955772
1300;2132664
1300;1405032
1300;4179985
1300;1830591
1300;2134018
1300;1516440
1300;1917544
1300;2009381
1300;3024334
1300;626410
1300;1709710
1300;1440029
1300;1572692
1300;4099670
1300;402066
1300;1792980
1300;3422593
1300;2133996
1300;3161281
1300;5585956
1300;4350842
1300;435614
1300;469814
1300;978132
1300;7302390
1300;2673681
1300;2736397
1300;1199481
1300;1653989
1300;877974
1300;1415338
1300;2336684
1300;1711011
1300;2239453
1300;1014788
1300;1496102
1300;6388207
1300;1127801
1300;3720482
1300;2807684
1300;2987414
1300;2695571
1300;1512552
1300;1913526
1300;2056878
1300;1519671
1300;972118
1300;3521561
1300;1560761
1300;1428258
1300;821743
1300;1786110
1300;3947718
1300;1943278
1300;2417404
1300;3038425
1300;3311291
1300;3175353
1300;3831807
1300;5980296
1300;2004709
1300;2618357
1300;1389959
1300;2781957
1300;3519776
1300;1349836
1300;1489829
1300;1916733
1300;3833255
1300;3617574
1300;695686
1300;2826922
1300;1596287
1300;4792359
1300;972844
1300;1024565
1350;2181211
1350;1364602
1350;4751542
1350;2535066
1350;1529246
1350;782878
1350;1977209
1350;2727450
1350;1379204
1350;1234433
1350;3002362
1350;1313330
1350;3581045
1350;3498862
1350;1823803
1350;1185037
1350;663873
1350;3320723
1350;1343939
1350;4364780
1350;2084617
1350;1888851
1350;1773445
1350;1211648
1350;2477086
1350;1686073
1350;1458298
1350;2477210
1350;2076691
1350;2073392
1350;936003
1350;1581653
1350;1642756
1350;1591737
1350;1992163
1350;859377
1350;6737205
1350;1870096
1350;2556123
1350;855667
1350;1157167
1350;1363741
1350;2059719
1350;5401951
1350;6301255
1350;1136672
1350;1800596
1350;981962
1350;795607
1350;1485823
1350;2150488
1350;702546
1350;3822598
1350;2225586
1350;1604154
1350;832202
1350;1400588
1350;1756582
1350;1004556
1350;3297735
1350;3270187
1350;908447
1350;513396
1350;1399640
1350;818458
1350;1711416
1350;2895736
1350;719893
1350;1437469
1350;1036601
1350;991708
1350;2777114
1350;3311575
1350;2824787
1350;1941832
1350;2804070
1350;1123878
1350;1236192
1350;1695528
1350;1553147
1350;2050199
1350;3386894
1350;464909
1350;1764059
1350;4684123
1350;1795365
1350;3110470
1350;4388398
1350;740242
1350;726501
1350;769806
1350;543871
1350;804811
1350;1955175
1350;6014506
1350;3284442
1350;3081277
1350;2745829
1350;946234
1350;2909199
1400;3300224
1400;2999425
1400;3095284
1400;5038420
1400;2237948
1400;2256432
1400;2145443
1400;2122556
1400;1500319
1400;4218100
1400;2323782
1400;3254186
1400;1013562
1400;4328752
1400;1191899
1400;1776957
1400;1708396
1400;2263249
1400;5103786
1400;2130614
1400;1525646
1400;1844631
1400;2286664
1400;1432733
1400;1903627
1400;1094201
1400;7037606
1400;2177922
1400;853844
1400;1320187
1400;1363254
1400;1194542
1400;966460
1400;3730719
1400;2092719
1400;1764936
1400;1364730
1400;940580
1400;1693702
1400;1134716
1400;6188656
1400;1812939
1400;2109390
1400;1002804
1400;1497205
1400;687292
1400;2698156
1400;3266261
1400;6313869
1400;1138120
1400;1406334
1400;5788561
1400;641178
1400;1617087
1400;3402164
1400;1890372
1400;2403830
1400;7710540
1400;2605311
1400;856916
1400;2853505
1400;1446604
1400;688034
1400;3014894
1400;3757214
1400;4081063
1400;2391284
1400;8854131
1400;5250701
1400;3194461
1400;2693022
1400;2181961
1400;2260100
1400;4254795
1400;1692157
1400;2693055
1400;1566034
1400;2912572
1400;1777748
1400;1656286
1400;3876559
1400;448009
1400;2312177
1400;855301
1400;1512241
1400;1815811
1400;4294889
1400;1753888
1400;2051394
1400;1739547
1400;10201610
1400;3660593
1400;1116678
1400;1206769
1400;3013272
1400;2976019
1400;2028883
1400;779279
1400;1439345
1400;1553583
1450;4074993
1450;5305601
1450;3564460
1450;2901823
1450;3314641
1450;2363010
1450;1067714
1450;895023
1450;10432614
1450;1420522
1450;1330839
1450;2048141
1450;3976726
1450;1625575
1450;1510500
1450;4008149
1450;810705
1450;563697
1450;1496722
1450;665511
1450;1830785
1450;7133313
1450;2866296
1450;1686565
1450;4373237
1450;2235538
1450;1905907
1450;2206594
1450;3094110
1450;3509575
1450;3356123
1450;1058456
1450;2010886
1450;7434601
1450;1392627
1450;1749803
1450;1131551
1450;4045015
1450;3259933
1450;3768718
1450;1257924
1450;813952
1450;2727580
1450;1564810
1450;1682430
1450;2052716
1450;1598172
1450;1640242
1450;2792612
1450;1256245
1450;4271948
1450;1846916
1450;2290037
1450;3333031
1450;2556760
1450;2548672
1450;7618960
1450;2206138
1450;1340625
1450;1941606
1450;1808814
1450;731278
1450;3042854
1450;2623555
1450;1343264
1450;1246788
1450;1245516
1450;3102927
1450;3281446
1450;1215202
1450;741732
1450;4364492
1450;849459
1450;3641348
1450;1064663
1450;1795517
1450;877438
1450;1193170
1450;2197491
1450;4362184
1450;1299296
1450;2643445
1450;1310503
1450;2462083
1450;6583717
1450;4691524
1450;2275347
1450;1061699
1450;1074426
1450;2325720
1450;3797805
1450;1099044
1450;2774533
1450;4742940
1450;1897655
1450;2216189
1450;1980125
1450;1047522
1450;1325284
1450;1517837
1500;2676633
1500;1372544
1500;3198151
1500;1132407
1500;2839323
1500;2308522
1500;3568457
1500;2190202
1500;802752
1500;6132405
1500;2810891
1500;15130049
1500;2797316
1500;3028136
1500;2650146
1500;1292146
1500;1765110
1500;1691747
1500;1802737
1500;3629529
1500;2288609
1500;3259118
1500;2449935
1500;1391596
1500;653037
1500;2237117
1500;1890325
1500;1794001
1500;1166930
1500;2844997
1500;3746634
1500;2119806
1500;4790987
1500;3123516
1500;3498811
1500;1007789
1500;2724153
1500;3724630
1500;1133445
1500;4148878
1500;1249923
1500;1211496
1500;4635732
1500;1926090
1500;620397
1500;2693651
1500;1564829
1500;2034991
1500;2832876
1500;1706394
1500;4100554
1500;3485584
1500;3719790
1500;1957733
1500;957949
1500;2172382
1500;7842033
1500;5004794
1500;1664431
1500;1938271
1500;4674289
1500;1056117
1500;1834820
1500;5540507
1500;1304280
1500;1176669
1500;1518664
1500;1914256
1500;1987909
1500;3098205
1500;980562
1500;2892120
1500;5924615
1500;1244791
1500;5840642
1500;863997
1500;5815978
1500;2920907
1500;675316
1500;2749687
1500;2021393
1500;6406413
1500;3648297
1500;2827242
1500;1990550
1500;296847
1500;1737051
1500;4240320
1500;8328062
1500;3890626
1500;1707108
1500;4871609
1500;835265
1500;1162348
1500;1049860
1500;3724602
1500;3496259
1500;1437890
1500;4990799
1500;8867042
1550;2650106
1550;3134893
1550;4033391
1550;5927367
1550;3195075
1550;4825189
1550;644497
1550;1410693
1550;1210035
1550;931041
1550;2101964
1550;3016183
1550;5283013
1550;2035513
1550;3712653
1550;3263528
1550;471646
1550;4119021
1550;4665165
1550;2397921
1550;3840805
1550;1187881
1550;1675074
1550;7518349
1550;1872192
1550;421725
1550;2034536
1550;1763456
1550;4225381
1550;2528785
1550;1654462
1550;2739070
1550;6403235
1550;10248956
1550;5401120
1550;531227
1550;2736503
1550;2983774
1550;814407
1550;4306186
1550;4164015
1550;7087215
1550;5058383
1550;1421049
1550;3067099
1550;2223605
1550;3758933
1550;2203814
1550;748711
1550;3528432
1550;2088525
1550;1722716
1550;1463244
1550;3174783
1550;6754154
1550;1565398
1550;3226475
1550;1779444
1550;2646998
1550;4226460
1550;1309053
1550;1431091
1550;3418519
1550;1362196
1550;4590146
1550;1140403
1550;1435541
1550;5076013
1550;1156165
1550;1810677
1550;6967881
1550;6488792
1550;3229249
1550;776606
1550;3440929
1550;6822753
1550;2993839
1550;2119826
1550;1362700
1550;4273785
1550;786929
1550;1802729
1550;7284402
1550;2353532
1550;1302013
1550;2481565
1550;4140852
1550;828413
1550;1118251
1550;3641092
1550;2810206
1550;1417452
1550;8346350
1550;3484707
1550;1099148
1550;4664543
1550;1704502
1550;2352118
1550;1503609
1550;5768663
1600;3045446
1600;4112305
1600;3555237
1600;2269374
1600;964096
1600;2391423
1600;1715242
1600;920521
1600;1989233
1600;2071183
1600;3624892
1600;4670080
1600;2554193
1600;4726586
1600;1733986
1600;3457654
1600;1065212
1600;6780970
1600;1435492
1600;3734634
1600;4322968
1600;3624775
1600;3226127
1600;3115851
1600;1862581
1600;2744079
1600;5971079
1600;4147791
1600;2775733
1600;1232051
1600;3610498
1600;2135253
1600;5405328
1600;8782754
1600;3239610
1600;1360215
1600;1488243
1600;2073564
1600;6133316
1600;5711792
1600;2651805
1600;1186782
1600;2839306
1600;6084167
1600;1677408
1600;1877930
1600;2144356
1600;2220460
1600;2398193
1600;4959796
1600;999793
1600;3100235
1600;1204331
1600;3237930
1600;3488229
1600;3627696
1600;894605
1600;3314922
1600;2156428
1600;3183606
1600;2389368
1600;2972150
1600;1201590
1600;7168659
1600;3760085
1600;1514194
1600;2053806
1600;1969531
1600;6377171
1600;1084979
1600;2651576
1600;7471269
1600;4133167
1600;2463872
1600;919368
1600;2692284
1600;7181125
1600;2782590
1600;3443673
1600;3251076
1600;6214050
1600;2688591
1600;2978841
1600;2666885
1600;1789987
1600;2369720
1600;1517130
1600;2138014
1600;2426909
1600;3638304
1600;1572787
1600;4053881
1600;8764997
1600;1805782
1600;4198014
1600;3257367
1600;3925037
1600;6823567
1600;2266521
1600;2848327
1650;923786
1650;3639856
1650;1551255
1650;5213414
1650;3600357
1650;6682961
1650;2571912
1650;4359896
1650;3526835
1650;3676060
1650;3981137
1650;7277341
1650;2404383
1650;6820051
1650;1206104
1650;2011618
1650;3900097
1650;7796801
1650;6091356
1650;1090569
1650;3549649
1650;2534581
1650;2259206
1650;5253085
1650;1250485
1650;4079814
1650;3852414
1650;2415522
1650;1957888
1650;2521731
1650;4490372
1650;3893484
1650;2168132
1650;2244944
1650;2344904
1650;1940811
1650;4477098
1650;2714870
1650;5063366
1650;4576203
1650;4144377
1650;3200343
1650;1453444
1650;2986557
1650;676363
1650;1485616
1650;2573788
1650;1570506
1650;1851510
1650;3599927
1650;3363492
1650;6563082
1650;4821429
1650;1038973
1650;6247877
1650;2158310
1650;5514840
1650;6212272
1650;3795846
1650;7116083
1650;1955662
1650;2313852
1650;5964882
1650;1742360
1650;6946058
1650;5691153
1650;3714193
1650;18913137
1650;6093078
1650;1042488
1650;1982229
1650;1678452
1650;4409690
1650;1052937
1650;1030454
1650;3286263
1650;5188786
1650;1710749
1650;7590131
1650;3310782
1650;1415690
1650;1088314
1650;3370633
1650;786308
1650;4522394
1650;7711771
1650;3517866
1650;2527590
1650;12202998
1650;3831536
1650;3198872
1650;1390064
1650;9344326
1650;1251818
1650;2300938
1650;1651133
1650;2039091
1650;3362577
1650;1930238
1650;4873687
1700;3066204
1700;8373980
1700;2554614
1700;4187373
1700;5123245
1700;4519010
1700;1293705
1700;5299116
1700;1013279
1700;1374454
1700;3152793
1700;2033785
1700;3922657
1700;3544649
1700;2331983
1700;2032598
1700;7966015
1700;2865941
1700;2718331
1700;3299042
1700;2515107
1700;3342148
1700;4697362
1700;2379288
1700;2171962
1700;8103146
1700;17606074
1700;1349268
1700;2611128
1700;1817105
1700;2268897
1700;3015354
1700;3340862
1700;2541064
1700;3732701
1700;2034368
1700;3953604
1700;2381733
1700;3452961
1700;4548600
1700;2738207
1700;4495598
1700;1845250
1700;2841170
1700;2038707
1700;7274894
1700;2948664
1700;1457084
1700;1106726
1700;3032806
1700;13056047
1700;2143497
1700;806040
1700;1585150
1700;8400662
1700;8717022
1700;1577147
1700;14086572
1700;3225662
1700;1766840
1700;3339824
1700;1161862
1700;6277036
1700;2721921
1700;3465010
1700;2020239
1700;4256896
1700;4667389
1700;1732189
1700;7656926
1700;2335774
1700;4443116
1700;4579763
1700;2472119
1700;3040992
1700;2814573
1700;2545208
1700;2762613
1700;4074304
1700;1697948
1700;880512
1700;12353461
1700;1485964
1700;5483002
1700;1931620
1700;2734147
1700;1645024
1700;2240035
1700;4312048
1700;5659201
1700;2805194
1700;5944269
1700;2641649
1700;4621054
1700;4317707
1700;2571706
1700;1599236
1700;5108892
1700;12737516
1700;812005
1750;2056566
1750;3109829
1750;9600757
1750;3839649
1750;1868821
1750;1888472
1750;5573335
1750;6806965
1750;1901371
1750;7523834
1750;8848914
1750;2437418
1750;2968668
1750;562289
1750;1696851
1750;2965756
1750;4316818
1750;3652134
1750;6047010
1750;2313184
1750;6634848
1750;1509296
1750;2535177
1750;5807464
1750;1768086
1750;10804117
1750;2605366
1750;4442654
1750;8128016
1750;3070047
1750;1840542
1750;2157488
1750;1256532
1750;2603967
1750;2092635
1750;2055829
1750;4116050
1750;1426679
1750;3936912
1750;1523766
1750;5397110
1750;4725632
1750;2934557
1750;5276148
1750;9362604
1750;1144535
1750;3520140
1750;5612816
1750;5355484
1750;1444995
1750;1106151
1750;3606879
1750;3306943
1750;3333070
1750;1313017
1750;2592194
1750;9653799
1750;1524604
1750;3227903
1750;1228720
1750;5128989
1750;2427425
1750;9204217
1750;3089508
1750;2136124
1750;3341984
1750;2103823
1750;1068426
1750;4179237
1750;4362806
1750;1539287
1750;856849
1750;2289734
1750;1835273
1750;2596255
1750;4516476
1750;5630241
1750;1182566
1750;7149484
1750;2512471
1750;1129372
1750;2091029
1750;2039365
1750;3870019
1750;2238256
1750;3132969
1750;1612967
1750;7051923
1750;9214734
1750;1367187
1750;4216437
1750;1088443
1750;2058818
1750;5815329
1750;3049279
1750;1866229
1750;2209414
1750;8453983
1750;2262995
1750;2564301
1800;2239373
1800;2663680
1800;6207966
1800;3885932
1800;1054212
1800;1174281
1800;3458336
1800;2035265
1800;2422160
1800;4967884
1800;6787397
1800;5171207
1800;3546039
1800;2796301
1800;3127521
1800;3056853
1800;2371699
1800;8490713
1800;2244005
1800;2349170
1800;2060437
1800;4500253
1800;1494094
1800;2453725
1800;8134397
1800;5737373
1800;2157869
1800;6411766
1800;717676
1800;6848982
1800;6975525
1800;16000660
1800;2235085
1800;4006603
1800;6388390
1800;2865256
1800;1551389
1800;1642107
1800;6715075
1800;2195783
1800;6742409
1800;5492223
1800;5186888
1800;5257315
1800;1767653
1800;3132674
1800;1669006
1800;3743637
1800;6431275
1800;10126518
1800;2995700
1800;1591804
1800;5442865
1800;2726358
1800;4143139
1800;1978207
1800;4468042
1800;9633219
1800;1080487
1800;2148420
1800;1089672
1800;4497482
1800;6095985
1800;2441586
1800;7045149
1800;1809888
1800;2847042
1800;2369220
1800;6175662
1800;2030290
1800;6507580
1800;4894769
1800;1832481
1800;1422610
1800;10493812
1800;1533941
1800;1447616
1800;4743612
1800;1450690
1800;5650520
1800;1604147
1800;3500299
1800;3332967
1800;1183928
1800;1000990
1800;1863140
1800;1780097
1800;1630460
1800;2085785
1800;3570529
1800;5979070
1800;5649717
1800;5953595
1800;11128500
1800;3111153
1800;1411343
1800;7846728
1800;2520461
1800;3286422
1800;3397941
1850;2677592
1850;11012794
1850;3210559
1850;3076496
1850;16330979
1850;3637442
1850;3414161
1850;4197557
1850;2019578
1850;2391414
1850;7690795
1850;4789608
1850;3568586
1850;5381395
1850;3823605
1850;12244069
1850;3025576
1850;3188217
1850;3356866
1850;6964811
1850;4160213
1850;15878883
1850;1902173
1850;1732886
1850;2047387
1850;17198273
1850;6917549
1850;5720214
1850;4837667
1850;11753580
1850;2174878
1850;15209019
1850;3586583
1850;6842798
1850;2220512
1850;938093
1850;2181139
1850;7059183
1850;1871879
1850;2479216
1850;9163477
1850;9408491
1850;2992599
1850;3007142
1850;3332691
1850;1473502
1850;2269565
1850;1193797
1850;3750824
1850;6255148
1850;5980812
1850;9082932
1850;3229143
1850;1702549
1850;8433788
1850;5192562
1850;1478499
1850;1522159
1850;10674058
1850;1245847
1850;3275442
1850;2285921
1850;9659266
1850;2761189
1850;1967271
1850;12167740
1850;4587980
1850;2488489
1850;3149578
1850;5969069
1850;3026476
1850;6783956
1850;3590697
1850;8180397
1850;5769664
1850;4482105
1850;6536919
1850;2007095
1850;7282183
1850;8484557
1850;10568692
1850;4670035
1850;4898614
1850;12695758
1850;2942255
1850;5423943
1850;1730697
1850;2900649
1850;2230826
1850;2632795
1850;3752283
1850;2536306
1850;3247387
1850;5243316
1850;2468511
1850;3090677
1850;3752617
1850;7683163
1850;5249731
1850;1609770
1900;4121028
1900;2506958
1900;8998923
1900;7983722
1900;4349547
1900;2250348
1900;2101462
1900;2712941
1900;1998990
1900;13551178
1900;3469902
1900;5874475
1900;2958292
1900;6922797
1900;5149372
1900;1594129
1900;2097617
1900;2149944
1900;843189
1900;1975388
1900;7545095
1900;5356824
1900;3959787
1900;7711291
1900;2501981
1900;4070467
1900;3399117
1900;15303290
1900;3601345
1900;11434763
1900;5246907
1900;1717849
1900;3554785
1900;4000122
1900;3361738
1900;2128627
1900;3733387
1900;6112309
1900;1346034
1900;4314470
1900;3309971
1900;12758449
1900;10666941
1900;4988549
1900;6603979
1900;8490241
1900;4349419
1900;1890145
1900;5875010
1900;3667505
1900;3899151
1900;7111079
1900;9971355
1900;6614969
1900;3541940
1900;2168105
1900;9218775
1900;2799262
1900;4087165
1900;4691865
1900;6074574
1900;1888128
1900;5868978
1900;3582937
1900;6064841
1900;3717799
1900;2750214
1900;5159467
1900;1339842
1900;8104074
1900;1370438
1900;3324011
1900;1770148
1900;5183351
1900;11217401
1900;3414682
1900;3203110
1900;3251316
1900;4448423
1900;3006923
1900;4938369
1900;7317081
1900;3867723
1900;5321319
1900;2435025
1900;7324044
1900;2937265
1900;9689274
1900;3091101
1900;5781527
1900;4805628
1900;12061549
1900;1705697
1900;1916084
1900;5568019
1900;10016679
1900;3157856
1900;6809593
1900;1920998
1900;14607844
1950;967585
1950;6509027
1950;2016384
1950;14670576
1950;4745601
1950;6007405
1950;8734197
1950;1598775
1950;1661462
1950;5748673
1950;2650181
1950;3074183
1950;1068323
1950;2950173
1950;3420319
1950;3621498
1950;1613352
1950;5560292
1950;1403050
1950;1947011
1950;9351468
1950;931423
1950;7731538
1950;2710868
1950;4153293
1950;3088862
1950;1643614
1950;4395640
1950;1658543
1950;3903543
1950;8800179
1950;803566
1950;4814687
1950;4564810
1950;3848778
1950;5182017
1950;11347390
1950;9654901
1950;4089741
1950;688159
1950;2894294
1950;5288174
1950;5863961
1950;6453224
1950;11588860
1950;3753719
1950;788967
1950;3503900
1950;1145589
1950;3566293
1950;1759478
1950;1398210
1950;6648041
1950;9775336
1950;7586264
1950;6373763
1950;16066274
1950;4044468
1950;5017096
1950;5895591
1950;3150534
1950;3221469
1950;5283640
1950;1850909
1950;2911596
1950;4678901
1950;7047997
1950;3049640
1950;4221215
1950;5097819
1950;5275459
1950;3233305
1950;6231243
1950;2592658
1950;4608368
1950;2831092
1950;4642271
1950;874559
1950;9231517
1950;5118944
1950;10026852
1950;15624563
1950;4745648
1950;1674883
1950;4177800
1950;1962245
1950;3494879
1950;1692518
1950;2905720
1950;5036857
1950;4823002
1950;5649486
1950;3721151
1950;4194011
1950;1539402
1950;1398822
1950;2333582
1950;4669543
1950;3325374
1950;9606138
2000;4956507
2000;7582028
2000;1797199
2000;2609373
2000;6620421
2000;4110519
2000;7082963
2000;1787311
2000;3590978
2000;1844671
2000;1883432
2000;8025026
2000;7683505
2000;9754827
2000;3074425
2000;5288600
2000;2766973
2000;5595538
2000;1880172
2000;6109257
2000;1769650
2000;6753892
2000;2947001
2000;3467579
2000;5046702
2000;5995162
2000;1971282
2000;6232593
2000;7631040
2000;3291213
2000;1075070
2000;4019827
2000;11050037
2000;9049758
2000;3138859
2000;4687604
2000;17652484
2000;1556779
2000;2699085
2000;3129684
2000;2559133
2000;4880453
2000;4891708
2000;1712102
2000;13579909
2000;10120097
2000;5944198
2000;4577622
2000;1832946
2000;3908250
2000;4514624
2000;5434845
2000;3303998
2000;1917873
2000;5629307
2000;5713435
2000;1147967
2000;2614477
2000;8923774
2000;3557531
2000;2975418
2000;9174758
2000;2405416
2000;5045193
2000;6592694
2000;4171061
2000;4294847
2000;1222186
2000;2180087
2000;6836013
2000;4422904
2000;3329439
2000;5199635
2000;7818526
2000;4085952
2000;3415662
2000;4540025
2000;3648763
2000;2099363
2000;5508133
2000;845644
2000;4978097
2000;2339000
2000;9914051
2000;6448315
2000;3132030
2000;3646591
2000;6364980
2000;6811547
2000;2361140
2000;3756266
2000;2149562
2000;5936041
2000;2288186
2000;1563074
2000;2846759
2000;3445476
2000;3472150
2000;5119946
2000;4278653
