10;22;68
10;20;68
10;22;68
10;25;68
10;22;68
10;23;68
10;19;68
10;18;68
10;24;68
10;25;68
10;25;68
10;22;68
10;23;68
10;24;68
10;23;68
10;24;68
10;21;68
10;25;68
10;22;68
10;24;68
10;23;68
10;24;68
10;23;68
10;23;68
10;22;68
10;25;68
10;23;68
10;24;68
10;21;68
10;23;68
10;21;68
10;22;68
10;23;68
10;21;68
10;23;68
10;19;68
10;23;68
10;18;68
10;24;68
10;22;68
10;23;68
10;22;68
10;23;68
10;25;68
10;22;68
10;21;68
10;22;68
10;22;68
10;22;68
10;24;68
10;23;68
10;22;68
10;21;68
10;24;68
10;22;68
10;21;68
10;24;68
10;22;68
10;24;68
10;24;68
10;24;68
10;22;68
10;23;68
10;23;68
10;21;68
10;23;68
10;24;68
10;23;68
10;21;68
10;18;68
10;21;68
10;24;68
10;24;68
10;22;68
10;23;68
10;21;68
10;24;68
10;23;68
10;21;68
10;20;68
10;20;68
10;24;68
10;24;68
10;23;68
10;22;68
10;21;68
10;23;68
10;21;68
10;25;68
10;22;68
10;24;68
10;22;68
10;24;68
10;23;68
10;23;68
10;21;68
10;21;68
10;22;68
10;23;68
10;23;68
20;65;176
20;61;176
20;61;176
20;63;176
20;65;176
20;68;176
20;64;176
20;60;176
20;59;176
20;62;176
20;66;176
20;66;176
20;61;176
20;60;176
20;59;176
20;61;176
20;60;176
20;61;176
20;64;176
20;65;176
20;64;176
20;65;176
20;67;176
20;64;176
20;63;176
20;63;176
20;63;176
20;65;176
20;62;176
20;66;176
20;62;176
20;62;176
20;64;176
20;60;176
20;59;176
20;65;176
20;64;176
20;63;176
20;66;176
20;64;176
20;63;176
20;66;176
20;65;176
20;60;176
20;65;176
20;61;176
20;63;176
20;63;176
20;67;176
20;66;176
20;59;176
20;65;176
20;63;176
20;65;176
20;67;176
20;65;176
20;66;176
20;64;176
20;63;176
20;61;176
20;62;176
20;60;176
20;66;176
20;60;176
20;62;176
20;67;176
20;66;176
20;63;176
20;59;176
20;63;176
20;64;176
20;64;176
20;68;176
20;66;176
20;65;176
20;66;176
20;67;176
20;63;176
20;65;176
20;66;176
20;64;176
20;64;176
20;68;176
20;62;176
20;66;176
20;65;176
20;64;176
20;66;176
20;63;176
20;62;176
20;67;176
20;64;176
20;65;176
20;64;176
20;61;176
20;62;176
20;66;176
20;65;176
20;67;176
20;62;176
30;113;296
30;113;296
30;110;296
30;114;296
30;104;296
30;113;296
30;116;296
30;111;296
30;111;296
30;115;296
30;114;296
30;117;296
30;112;296
30;113;296
30;114;296
30;111;296
30;109;296
30;112;296
30;115;296
30;114;296
30;109;296
30;113;296
30;114;296
30;113;296
30;111;296
30;115;296
30;112;296
30;114;296
30;108;296
30;111;296
30;112;296
30;113;296
30;111;296
30;117;296
30;110;296
30;111;296
30;112;296
30;113;296
30;110;296
30;112;296
30;111;296
30;113;296
30;110;296
30;105;296
30;110;296
30;112;296
30;114;296
30;112;296
30;115;296
30;111;296
30;111;296
30;99;296
30;109;296
30;114;296
30;111;296
30;113;296
30;113;296
30;110;296
30;113;296
30;106;296
30;115;296
30;108;296
30;116;296
30;113;296
30;114;296
30;109;296
30;114;296
30;114;296
30;116;296
30;116;296
30;112;296
30;112;296
30;114;296
30;115;296
30;110;296
30;112;296
30;111;296
30;107;296
30;112;296
30;113;296
30;112;296
30;112;296
30;112;296
30;115;296
30;108;296
30;108;296
30;109;296
30;111;296
30;106;296
30;114;296
30;115;296
30;114;296
30;108;296
30;110;296
30;114;296
30;106;296
30;114;296
30;108;296
30;110;296
30;108;296
40;167;432
40;168;432
40;171;432
40;156;432
40;159;432
40;170;432
40;169;432
40;169;432
40;169;432
40;163;432
40;165;432
40;163;432
40;170;432
40;164;432
40;166;432
40;165;432
40;162;432
40;162;432
40;164;432
40;171;432
40;157;432
40;165;432
40;159;432
40;167;432
40;164;432
40;171;432
40;162;432
40;167;432
40;163;432
40;162;432
40;168;432
40;165;432
40;165;432
40;167;432
40;164;432
40;168;432
40;171;432
40;165;432
40;160;432
40;163;432
40;161;432
40;171;432
40;165;432
40;170;432
40;162;432
40;163;432
40;169;432
40;157;432
40;165;432
40;169;432
40;160;432
40;162;432
40;163;432
40;168;432
40;167;432
40;161;432
40;167;432
40;157;432
40;173;432
40;166;432
40;169;432
40;161;432
40;165;432
40;170;432
40;161;432
40;165;432
40;163;432
40;158;432
40;162;432
40;165;432
40;167;432
40;167;432
40;168;432
40;165;432
40;164;432
40;163;432
40;169;432
40;160;432
40;164;432
40;167;432
40;157;432
40;158;432
40;170;432
40;163;432
40;166;432
40;167;432
40;163;432
40;165;432
40;164;432
40;165;432
40;163;432
40;166;432
40;170;432
40;165;432
40;165;432
40;166;432
40;163;432
40;166;432
40;168;432
40;163;432
50;224;572
50;226;572
50;223;572
50;223;572
50;224;572
50;216;572
50;223;572
50;220;572
50;224;572
50;226;572
50;220;572
50;217;572
50;218;572
50;218;572
50;227;572
50;222;572
50;227;572
50;222;572
50;216;572
50;218;572
50;222;572
50;226;572
50;228;572
50;226;572
50;229;572
50;221;572
50;225;572
50;224;572
50;226;572
50;220;572
50;227;572
50;220;572
50;227;572
50;221;572
50;222;572
50;223;572
50;225;572
50;219;572
50;215;572
50;217;572
50;224;572
50;229;572
50;221;572
50;227;572
50;228;572
50;223;572
50;223;572
50;217;572
50;223;572
50;220;572
50;223;572
50;220;572
50;221;572
50;215;572
50;227;572
50;222;572
50;223;572
50;218;572
50;220;572
50;224;572
50;220;572
50;226;572
50;223;572
50;230;572
50;216;572
50;224;572
50;226;572
50;220;572
50;227;572
50;223;572
50;215;572
50;229;572
50;226;572
50;226;572
50;217;572
50;215;572
50;226;572
50;218;572
50;221;572
50;222;572
50;228;572
50;219;572
50;213;572
50;225;572
50;218;572
50;221;572
50;226;572
50;213;572
50;227;572
50;216;572
50;221;572
50;228;572
50;222;572
50;224;572
50;219;572
50;219;572
50;221;572
50;229;572
50;221;572
50;211;572
60;283;712
60;285;712
60;278;712
60;269;712
60;285;712
60;272;712
60;284;712
60;279;712
60;286;712
60;281;712
60;281;712
60;285;712
60;281;712
60;286;712
60;282;712
60;280;712
60;286;712
60;280;712
60;280;712
60;284;712
60;290;712
60;285;712
60;278;712
60;285;712
60;282;712
60;286;712
60;283;712
60;277;712
60;282;712
60;288;712
60;281;712
60;285;712
60;283;712
60;283;712
60;279;712
60;281;712
60;277;712
60;282;712
60;290;712
60;283;712
60;272;712
60;280;712
60;278;712
60;288;712
60;281;712
60;284;712
60;281;712
60;285;712
60;286;712
60;283;712
60;283;712
60;274;712
60;282;712
60;287;712
60;288;712
60;278;712
60;278;712
60;276;712
60;284;712
60;288;712
60;277;712
60;277;712
60;274;712
60;276;712
60;279;712
60;279;712
60;282;712
60;284;712
60;283;712
60;292;712
60;290;712
60;286;712
60;288;712
60;277;712
60;285;712
60;274;712
60;281;712
60;281;712
60;285;712
60;283;712
60;285;712
60;277;712
60;279;712
60;291;712
60;282;712
60;286;712
60;280;712
60;278;712
60;279;712
60;285;712
60;276;712
60;283;712
60;280;712
60;281;712
60;277;712
60;287;712
60;278;712
60;274;712
60;280;712
60;289;712
70;339;864
70;350;864
70;344;864
70;343;864
70;346;864
70;341;864
70;343;864
70;347;864
70;337;864
70;341;864
70;348;864
70;347;864
70;339;864
70;342;864
70;341;864
70;343;864
70;339;864
70;343;864
70;350;864
70;346;864
70;342;864
70;346;864
70;343;864
70;343;864
70;348;864
70;346;864
70;341;864
70;339;864
70;335;864
70;336;864
70;340;864
70;339;864
70;340;864
70;343;864
70;347;864
70;338;864
70;348;864
70;342;864
70;348;864
70;339;864
70;343;864
70;346;864
70;332;864
70;348;864
70;341;864
70;337;864
70;344;864
70;345;864
70;343;864
70;347;864
70;344;864
70;343;864
70;343;864
70;346;864
70;343;864
70;345;864
70;343;864
70;346;864
70;342;864
70;340;864
70;341;864
70;345;864
70;355;864
70;345;864
70;335;864
70;345;864
70;345;864
70;337;864
70;341;864
70;333;864
70;344;864
70;342;864
70;344;864
70;340;864
70;343;864
70;345;864
70;340;864
70;333;864
70;349;864
70;343;864
70;351;864
70;344;864
70;350;864
70;344;864
70;339;864
70;351;864
70;340;864
70;348;864
70;334;864
70;344;864
70;340;864
70;343;864
70;343;864
70;336;864
70;348;864
70;342;864
70;344;864
70;345;864
70;349;864
70;341;864
80;407;1024
80;412;1024
80;405;1024
80;413;1024
80;419;1024
80;397;1024
80;405;1024
80;402;1024
80;397;1024
80;402;1024
80;416;1024
80;408;1024
80;403;1024
80;408;1024
80;411;1024
80;405;1024
80;400;1024
80;407;1024
80;411;1024
80;400;1024
80;408;1024
80;405;1024
80;423;1024
80;411;1024
80;399;1024
80;403;1024
80;407;1024
80;407;1024
80;407;1024
80;413;1024
80;414;1024
80;405;1024
80;402;1024
80;408;1024
80;411;1024
80;413;1024
80;411;1024
80;408;1024
80;403;1024
80;412;1024
80;404;1024
80;413;1024
80;406;1024
80;421;1024
80;402;1024
80;400;1024
80;412;1024
80;414;1024
80;407;1024
80;407;1024
80;407;1024
80;407;1024
80;406;1024
80;406;1024
80;413;1024
80;406;1024
80;411;1024
80;412;1024
80;413;1024
80;403;1024
80;399;1024
80;404;1024
80;409;1024
80;405;1024
80;409;1024
80;403;1024
80;412;1024
80;408;1024
80;413;1024
80;398;1024
80;406;1024
80;402;1024
80;399;1024
80;397;1024
80;406;1024
80;409;1024
80;398;1024
80;408;1024
80;406;1024
80;412;1024
80;411;1024
80;407;1024
80;410;1024
80;402;1024
80;404;1024
80;393;1024
80;404;1024
80;409;1024
80;410;1024
80;404;1024
80;416;1024
80;413;1024
80;401;1024
80;404;1024
80;401;1024
80;410;1024
80;404;1024
80;409;1024
80;414;1024
80;412;1024
90;469;1184
90;475;1184
90;480;1184
90;478;1184
90;470;1184
90;477;1184
90;462;1184
90;470;1184
90;470;1184
90;460;1184
90;477;1184
90;482;1184
90;468;1184
90;489;1184
90;482;1184
90;472;1184
90;472;1184
90;478;1184
90;482;1184
90;471;1184
90;467;1184
90;487;1184
90;478;1184
90;474;1184
90;472;1184
90;469;1184
90;480;1184
90;478;1184
90;461;1184
90;477;1184
90;473;1184
90;474;1184
90;474;1184
90;476;1184
90;473;1184
90;479;1184
90;483;1184
90;476;1184
90;471;1184
90;469;1184
90;485;1184
90;472;1184
90;469;1184
90;485;1184
90;480;1184
90;471;1184
90;479;1184
90;480;1184
90;476;1184
90;467;1184
90;470;1184
90;479;1184
90;477;1184
90;467;1184
90;463;1184
90;479;1184
90;457;1184
90;480;1184
90;470;1184
90;472;1184
90;484;1184
90;470;1184
90;463;1184
90;481;1184
90;480;1184
90;469;1184
90;465;1184
90;476;1184
90;472;1184
90;473;1184
90;472;1184
90;466;1184
90;481;1184
90;470;1184
90;476;1184
90;469;1184
90;476;1184
90;472;1184
90;486;1184
90;479;1184
90;473;1184
90;477;1184
90;475;1184
90;478;1184
90;475;1184
90;475;1184
90;475;1184
90;466;1184
90;477;1184
90;468;1184
90;469;1184
90;471;1184
90;464;1184
90;466;1184
90;481;1184
90;469;1184
90;488;1184
90;474;1184
90;473;1184
90;479;1184
100;547;1344
100;540;1344
100;549;1344
100;534;1344
100;540;1344
100;544;1344
100;549;1344
100;537;1344
100;541;1344
100;543;1344
100;540;1344
100;548;1344
100;547;1344
100;541;1344
100;542;1344
100;542;1344
100;542;1344
100;531;1344
100;546;1344
100;541;1344
100;541;1344
100;539;1344
100;544;1344
100;545;1344
100;543;1344
100;555;1344
100;540;1344
100;535;1344
100;548;1344
100;533;1344
100;541;1344
100;547;1344
100;542;1344
100;551;1344
100;541;1344
100;534;1344
100;539;1344
100;538;1344
100;548;1344
100;542;1344
100;538;1344
100;535;1344
100;536;1344
100;541;1344
100;542;1344
100;546;1344
100;541;1344
100;544;1344
100;532;1344
100;535;1344
100;548;1344
100;542;1344
100;533;1344
100;545;1344
100;547;1344
100;541;1344
100;540;1344
100;535;1344
100;541;1344
100;541;1344
100;544;1344
100;537;1344
100;546;1344
100;543;1344
100;533;1344
100;543;1344
100;544;1344
100;552;1344
100;534;1344
100;538;1344
100;529;1344
100;538;1344
100;543;1344
100;553;1344
100;536;1344
100;552;1344
100;546;1344
100;536;1344
100;529;1344
100;545;1344
100;544;1344
100;537;1344
100;539;1344
100;542;1344
100;530;1344
100;531;1344
100;544;1344
100;542;1344
100;544;1344
100;536;1344
100;549;1344
100;531;1344
100;540;1344
100;551;1344
100;527;1344
100;537;1344
100;547;1344
100;533;1344
100;548;1344
100;544;1344
110;609;1504
110;615;1504
110;604;1504
110;615;1504
110;613;1504
110;616;1504
110;612;1504
110;611;1504
110;612;1504
110;611;1504
110;613;1504
110;609;1504
110;612;1504
110;608;1504
110;599;1504
110;619;1504
110;609;1504
110;599;1504
110;614;1504
110;613;1504
110;604;1504
110;611;1504
110;620;1504
110;605;1504
110;609;1504
110;609;1504
110;612;1504
110;608;1504
110;607;1504
110;604;1504
110;611;1504
110;610;1504
110;607;1504
110;608;1504
110;617;1504
110;614;1504
110;592;1504
110;610;1504
110;599;1504
110;614;1504
110;615;1504
110;615;1504
110;602;1504
110;604;1504
110;609;1504
110;619;1504
110;606;1504
110;614;1504
110;615;1504
110;615;1504
110;613;1504
110;607;1504
110;603;1504
110;612;1504
110;610;1504
110;614;1504
110;611;1504
110;603;1504
110;607;1504
110;615;1504
110;613;1504
110;606;1504
110;612;1504
110;604;1504
110;611;1504
110;610;1504
110;610;1504
110;613;1504
110;604;1504
110;611;1504
110;602;1504
110;610;1504
110;609;1504
110;611;1504
110;613;1504
110;600;1504
110;613;1504
110;609;1504
110;610;1504
110;611;1504
110;614;1504
110;609;1504
110;610;1504
110;610;1504
110;616;1504
110;615;1504
110;606;1504
110;608;1504
110;600;1504
110;618;1504
110;613;1504
110;611;1504
110;604;1504
110;623;1504
110;616;1504
110;614;1504
110;609;1504
110;600;1504
110;618;1504
110;618;1504
120;685;1664
120;678;1664
120;673;1664
120;685;1664
120;688;1664
120;682;1664
120;682;1664
120;689;1664
120;682;1664
120;674;1664
120;681;1664
120;678;1664
120;668;1664
120;674;1664
120;688;1664
120;686;1664
120;671;1664
120;683;1664
120;668;1664
120;681;1664
120;673;1664
120;676;1664
120;678;1664
120;692;1664
120;680;1664
120;676;1664
120;692;1664
120;682;1664
120;692;1664
120;686;1664
120;672;1664
120;679;1664
120;667;1664
120;684;1664
120;675;1664
120;676;1664
120;689;1664
120;683;1664
120;686;1664
120;680;1664
120;676;1664
120;689;1664
120;682;1664
120;689;1664
120;680;1664
120;682;1664
120;683;1664
120;673;1664
120;681;1664
120;678;1664
120;673;1664
120;687;1664
120;687;1664
120;692;1664
120;681;1664
120;681;1664
120;679;1664
120;690;1664
120;679;1664
120;669;1664
120;685;1664
120;681;1664
120;677;1664
120;680;1664
120;684;1664
120;691;1664
120;684;1664
120;675;1664
120;682;1664
120;675;1664
120;682;1664
120;681;1664
120;685;1664
120;688;1664
120;685;1664
120;676;1664
120;682;1664
120;681;1664
120;671;1664
120;683;1664
120;674;1664
120;678;1664
120;693;1664
120;682;1664
120;680;1664
120;681;1664
120;677;1664
120;684;1664
120;674;1664
120;687;1664
120;685;1664
120;688;1664
120;685;1664
120;682;1664
120;684;1664
120;685;1664
120;680;1664
120;687;1664
120;680;1664
120;679;1664
130;748;1828
130;753;1828
130;756;1828
130;754;1828
130;749;1828
130;758;1828
130;748;1828
130;746;1828
130;757;1828
130;757;1828
130;748;1828
130;751;1828
130;749;1828
130;750;1828
130;756;1828
130;749;1828
130;750;1828
130;742;1828
130;742;1828
130;756;1828
130;762;1828
130;742;1828
130;755;1828
130;754;1828
130;744;1828
130;760;1828
130;763;1828
130;755;1828
130;750;1828
130;757;1828
130;753;1828
130;758;1828
130;758;1828
130;748;1828
130;756;1828
130;759;1828
130;755;1828
130;754;1828
130;752;1828
130;757;1828
130;761;1828
130;740;1828
130;750;1828
130;747;1828
130;756;1828
130;752;1828
130;748;1828
130;752;1828
130;753;1828
130;745;1828
130;755;1828
130;756;1828
130;754;1828
130;765;1828
130;742;1828
130;757;1828
130;757;1828
130;755;1828
130;746;1828
130;742;1828
130;750;1828
130;750;1828
130;753;1828
130;753;1828
130;748;1828
130;748;1828
130;740;1828
130;747;1828
130;750;1828
130;747;1828
130;743;1828
130;744;1828
130;756;1828
130;749;1828
130;758;1828
130;746;1828
130;751;1828
130;756;1828
130;754;1828
130;762;1828
130;752;1828
130;752;1828
130;746;1828
130;755;1828
130;753;1828
130;749;1828
130;756;1828
130;756;1828
130;754;1828
130;749;1828
130;750;1828
130;745;1828
130;751;1828
130;752;1828
130;746;1828
130;752;1828
130;752;1828
130;749;1828
130;753;1828
130;756;1828
140;831;2008
140;814;2008
140;823;2008
140;814;2008
140;813;2008
140;827;2008
140;826;2008
140;834;2008
140;823;2008
140;835;2008
140;810;2008
140;815;2008
140;814;2008
140;830;2008
140;820;2008
140;818;2008
140;815;2008
140;827;2008
140;816;2008
140;828;2008
140;818;2008
140;824;2008
140;823;2008
140;836;2008
140;816;2008
140;829;2008
140;825;2008
140;826;2008
140;835;2008
140;836;2008
140;829;2008
140;836;2008
140;829;2008
140;834;2008
140;824;2008
140;827;2008
140;813;2008
140;821;2008
140;827;2008
140;812;2008
140;826;2008
140;831;2008
140;811;2008
140;829;2008
140;825;2008
140;824;2008
140;828;2008
140;828;2008
140;825;2008
140;827;2008
140;820;2008
140;827;2008
140;821;2008
140;828;2008
140;828;2008
140;817;2008
140;817;2008
140;814;2008
140;826;2008
140;825;2008
140;818;2008
140;822;2008
140;822;2008
140;830;2008
140;820;2008
140;825;2008
140;814;2008
140;833;2008
140;827;2008
140;826;2008
140;814;2008
140;825;2008
140;819;2008
140;835;2008
140;819;2008
140;828;2008
140;818;2008
140;807;2008
140;815;2008
140;820;2008
140;824;2008
140;822;2008
140;831;2008
140;832;2008
140;821;2008
140;826;2008
140;818;2008
140;832;2008
140;823;2008
140;820;2008
140;826;2008
140;835;2008
140;834;2008
140;822;2008
140;826;2008
140;818;2008
140;828;2008
140;813;2008
140;830;2008
140;826;2008
150;903;2188
150;877;2188
150;892;2188
150;903;2188
150;904;2188
150;902;2188
150;882;2188
150;899;2188
150;905;2188
150;896;2188
150;915;2188
150;898;2188
150;889;2188
150;905;2188
150;886;2188
150;885;2188
150;902;2188
150;915;2188
150;886;2188
150;893;2188
150;898;2188
150;894;2188
150;884;2188
150;893;2188
150;894;2188
150;907;2188
150;903;2188
150;912;2188
150;905;2188
150;908;2188
150;909;2188
150;915;2188
150;901;2188
150;900;2188
150;889;2188
150;901;2188
150;900;2188
150;895;2188
150;884;2188
150;909;2188
150;900;2188
150;884;2188
150;895;2188
150;905;2188
150;871;2188
150;895;2188
150;889;2188
150;911;2188
150;897;2188
150;895;2188
150;894;2188
150;905;2188
150;909;2188
150;897;2188
150;894;2188
150;889;2188
150;909;2188
150;905;2188
150;895;2188
150;885;2188
150;906;2188
150;894;2188
150;898;2188
150;894;2188
150;896;2188
150;895;2188
150;890;2188
150;901;2188
150;896;2188
150;905;2188
150;900;2188
150;894;2188
150;907;2188
150;911;2188
150;892;2188
150;899;2188
150;905;2188
150;893;2188
150;890;2188
150;894;2188
150;898;2188
150;895;2188
150;902;2188
150;901;2188
150;908;2188
150;905;2188
150;908;2188
150;887;2188
150;908;2188
150;889;2188
150;883;2188
150;899;2188
150;894;2188
150;891;2188
150;898;2188
150;909;2188
150;906;2188
150;883;2188
150;897;2188
150;890;2188
160;969;2368
160;972;2368
160;979;2368
160;961;2368
160;972;2368
160;968;2368
160;979;2368
160;991;2368
160;981;2368
160;977;2368
160;977;2368
160;982;2368
160;978;2368
160;980;2368
160;982;2368
160;971;2368
160;983;2368
160;991;2368
160;961;2368
160;978;2368
160;974;2368
160;961;2368
160;983;2368
160;978;2368
160;979;2368
160;977;2368
160;980;2368
160;979;2368
160;978;2368
160;984;2368
160;977;2368
160;966;2368
160;964;2368
160;976;2368
160;984;2368
160;977;2368
160;983;2368
160;981;2368
160;975;2368
160;965;2368
160;964;2368
160;984;2368
160;961;2368
160;974;2368
160;971;2368
160;976;2368
160;969;2368
160;971;2368
160;983;2368
160;964;2368
160;964;2368
160;974;2368
160;973;2368
160;977;2368
160;974;2368
160;983;2368
160;982;2368
160;981;2368
160;973;2368
160;967;2368
160;969;2368
160;966;2368
160;982;2368
160;973;2368
160;978;2368
160;980;2368
160;967;2368
160;971;2368
160;980;2368
160;980;2368
160;970;2368
160;982;2368
160;969;2368
160;968;2368
160;979;2368
160;976;2368
160;974;2368
160;971;2368
160;968;2368
160;974;2368
160;987;2368
160;969;2368
160;976;2368
160;978;2368
160;979;2368
160;972;2368
160;968;2368
160;977;2368
160;968;2368
160;967;2368
160;989;2368
160;972;2368
160;975;2368
160;982;2368
160;969;2368
160;973;2368
160;969;2368
160;982;2368
160;973;2368
160;963;2368
170;1053;2548
170;1044;2548
170;1060;2548
170;1050;2548
170;1053;2548
170;1046;2548
170;1061;2548
170;1059;2548
170;1057;2548
170;1042;2548
170;1043;2548
170;1052;2548
170;1049;2548
170;1055;2548
170;1055;2548
170;1051;2548
170;1035;2548
170;1061;2548
170;1045;2548
170;1034;2548
170;1060;2548
170;1061;2548
170;1053;2548
170;1054;2548
170;1060;2548
170;1060;2548
170;1052;2548
170;1051;2548
170;1047;2548
170;1048;2548
170;1046;2548
170;1046;2548
170;1052;2548
170;1051;2548
170;1055;2548
170;1052;2548
170;1066;2548
170;1046;2548
170;1038;2548
170;1049;2548
170;1062;2548
170;1046;2548
170;1043;2548
170;1039;2548
170;1061;2548
170;1044;2548
170;1047;2548
170;1039;2548
170;1046;2548
170;1050;2548
170;1059;2548
170;1057;2548
170;1049;2548
170;1028;2548
170;1057;2548
170;1043;2548
170;1056;2548
170;1050;2548
170;1038;2548
170;1054;2548
170;1043;2548
170;1041;2548
170;1051;2548
170;1056;2548
170;1049;2548
170;1051;2548
170;1058;2548
170;1053;2548
170;1032;2548
170;1047;2548
170;1037;2548
170;1047;2548
170;1064;2548
170;1054;2548
170;1056;2548
170;1047;2548
170;1050;2548
170;1056;2548
170;1047;2548
170;1053;2548
170;1054;2548
170;1040;2548
170;1063;2548
170;1056;2548
170;1064;2548
170;1029;2548
170;1036;2548
170;1037;2548
170;1031;2548
170;1045;2548
170;1052;2548
170;1044;2548
170;1043;2548
170;1052;2548
170;1046;2548
170;1056;2548
170;1054;2548
170;1047;2548
170;1058;2548
170;1054;2548
180;1117;2728
180;1120;2728
180;1146;2728
180;1130;2728
180;1126;2728
180;1135;2728
180;1138;2728
180;1124;2728
180;1111;2728
180;1134;2728
180;1132;2728
180;1120;2728
180;1120;2728
180;1119;2728
180;1132;2728
180;1127;2728
180;1125;2728
180;1131;2728
180;1120;2728
180;1126;2728
180;1130;2728
180;1134;2728
180;1142;2728
180;1120;2728
180;1113;2728
180;1133;2728
180;1122;2728
180;1127;2728
180;1130;2728
180;1129;2728
180;1121;2728
180;1122;2728
180;1126;2728
180;1132;2728
180;1140;2728
180;1148;2728
180;1127;2728
180;1123;2728
180;1126;2728
180;1131;2728
180;1116;2728
180;1137;2728
180;1118;2728
180;1126;2728
180;1126;2728
180;1137;2728
180;1133;2728
180;1131;2728
180;1115;2728
180;1111;2728
180;1130;2728
180;1133;2728
180;1144;2728
180;1118;2728
180;1118;2728
180;1125;2728
180;1127;2728
180;1127;2728
180;1118;2728
180;1141;2728
180;1126;2728
180;1121;2728
180;1121;2728
180;1124;2728
180;1104;2728
180;1120;2728
180;1133;2728
180;1115;2728
180;1118;2728
180;1119;2728
180;1125;2728
180;1132;2728
180;1123;2728
180;1141;2728
180;1128;2728
180;1122;2728
180;1124;2728
180;1124;2728
180;1138;2728
180;1138;2728
180;1125;2728
180;1129;2728
180;1121;2728
180;1126;2728
180;1121;2728
180;1137;2728
180;1141;2728
180;1125;2728
180;1111;2728
180;1120;2728
180;1121;2728
180;1124;2728
180;1131;2728
180;1132;2728
180;1127;2728
180;1142;2728
180;1131;2728
180;1121;2728
180;1127;2728
180;1140;2728
190;1202;2908
190;1196;2908
190;1204;2908
190;1197;2908
190;1199;2908
190;1204;2908
190;1198;2908
190;1208;2908
190;1210;2908
190;1203;2908
190;1184;2908
190;1217;2908
190;1218;2908
190;1210;2908
190;1209;2908
190;1213;2908
190;1198;2908
190;1186;2908
190;1189;2908
190;1204;2908
190;1205;2908
190;1198;2908
190;1194;2908
190;1211;2908
190;1208;2908
190;1201;2908
190;1209;2908
190;1201;2908
190;1195;2908
190;1208;2908
190;1216;2908
190;1205;2908
190;1197;2908
190;1196;2908
190;1200;2908
190;1199;2908
190;1194;2908
190;1191;2908
190;1198;2908
190;1210;2908
190;1203;2908
190;1189;2908
190;1205;2908
190;1205;2908
190;1222;2908
190;1199;2908
190;1199;2908
190;1202;2908
190;1210;2908
190;1203;2908
190;1206;2908
190;1207;2908
190;1200;2908
190;1190;2908
190;1207;2908
190;1210;2908
190;1203;2908
190;1210;2908
190;1210;2908
190;1188;2908
190;1214;2908
190;1201;2908
190;1198;2908
190;1204;2908
190;1212;2908
190;1213;2908
190;1190;2908
190;1205;2908
190;1190;2908
190;1203;2908
190;1194;2908
190;1190;2908
190;1207;2908
190;1221;2908
190;1199;2908
190;1207;2908
190;1211;2908
190;1210;2908
190;1218;2908
190;1200;2908
190;1199;2908
190;1197;2908
190;1214;2908
190;1201;2908
190;1190;2908
190;1213;2908
190;1205;2908
190;1196;2908
190;1199;2908
190;1214;2908
190;1207;2908
190;1211;2908
190;1205;2908
190;1205;2908
190;1189;2908
190;1208;2908
190;1188;2908
190;1202;2908
190;1193;2908
190;1200;2908
200;1280;3088
200;1269;3088
200;1295;3088
200;1279;3088
200;1299;3088
200;1279;3088
200;1283;3088
200;1263;3088
200;1277;3088
200;1297;3088
200;1280;3088
200;1269;3088
200;1279;3088
200;1281;3088
200;1287;3088
200;1274;3088
200;1287;3088
200;1272;3088
200;1283;3088
200;1289;3088
200;1276;3088
200;1274;3088
200;1295;3088
200;1282;3088
200;1270;3088
200;1279;3088
200;1289;3088
200;1287;3088
200;1273;3088
200;1269;3088
200;1295;3088
200;1270;3088
200;1294;3088
200;1270;3088
200;1273;3088
200;1274;3088
200;1275;3088
200;1278;3088
200;1282;3088
200;1275;3088
200;1278;3088
200;1259;3088
200;1279;3088
200;1282;3088
200;1289;3088
200;1295;3088
200;1279;3088
200;1277;3088
200;1284;3088
200;1285;3088
200;1279;3088
200;1288;3088
200;1287;3088
200;1289;3088
200;1298;3088
200;1292;3088
200;1285;3088
200;1269;3088
200;1294;3088
200;1275;3088
200;1281;3088
200;1270;3088
200;1284;3088
200;1291;3088
200;1286;3088
200;1276;3088
200;1275;3088
200;1279;3088
200;1285;3088
200;1292;3088
200;1280;3088
200;1283;3088
200;1289;3088
200;1280;3088
200;1288;3088
200;1281;3088
200;1286;3088
200;1291;3088
200;1284;3088
200;1275;3088
200;1286;3088
200;1277;3088
200;1285;3088
200;1281;3088
200;1281;3088
200;1289;3088
200;1279;3088
200;1280;3088
200;1285;3088
200;1291;3088
200;1281;3088
200;1281;3088
200;1278;3088
200;1292;3088
200;1274;3088
200;1293;3088
200;1281;3088
200;1281;3088
200;1270;3088
200;1286;3088
1000;8723;19952
1000;8678;19952
1000;8714;19952
1000;8723;19952
1000;8728;19952
1000;8707;19952
1000;8706;19952
1000;8717;19952
1000;8699;19952
1000;8694;19952
1000;8695;19952
1000;8685;19952
1000;8673;19952
1000;8680;19952
1000;8707;19952
1000;8711;19952
1000;8721;19952
1000;8686;19952
1000;8683;19952
1000;8706;19952
1000;8717;19952
1000;8681;19952
1000;8712;19952
1000;8700;19952
1000;8733;19952
1000;8702;19952
1000;8717;19952
1000;8723;19952
1000;8706;19952
1000;8682;19952
1000;8750;19952
1000;8700;19952
1000;8712;19952
1000;8689;19952
1000;8697;19952
1000;8732;19952
1000;8725;19952
1000;8704;19952
1000;8727;19952
1000;8706;19952
1000;8732;19952
1000;8723;19952
1000;8701;19952
1000;8720;19952
1000;8691;19952
1000;8699;19952
1000;8697;19952
1000;8708;19952
1000;8728;19952
1000;8717;19952
1000;8723;19952
1000;8695;19952
1000;8684;19952
1000;8702;19952
1000;8704;19952
1000;8721;19952
1000;8644;19952
1000;8682;19952
1000;8719;19952
1000;8739;19952
1000;8701;19952
1000;8711;19952
1000;8711;19952
1000;8696;19952
1000;8706;19952
1000;8714;19952
1000;8742;19952
1000;8717;19952
1000;8729;19952
1000;8719;19952
1000;8716;19952
1000;8703;19952
1000;8744;19952
1000;8734;19952
1000;8744;19952
1000;8726;19952
1000;8725;19952
1000;8708;19952
1000;8693;19952
1000;8679;19952
1000;8686;19952
1000;8718;19952
1000;8709;19952
1000;8756;19952
1000;8680;19952
1000;8746;19952
1000;8730;19952
1000;8710;19952
1000;8675;19952
1000;8724;19952
1000;8705;19952
1000;8711;19952
1000;8697;19952
1000;8694;19952
1000;8716;19952
1000;8686;19952
1000;8680;19952
1000;8698;19952
1000;8724;19952
1000;8722;19952
2000;19360;43904
2000;19445;43904
2000;19417;43904
2000;19353;43904
2000;19405;43904
2000;19409;43904
2000;19422;43904
2000;19382;43904
2000;19406;43904
2000;19399;43904
2000;19424;43904
2000;19402;43904
2000;19404;43904
2000;19407;43904
2000;19432;43904
2000;19438;43904
2000;19448;43904
2000;19445;43904
2000;19395;43904
2000;19429;43904
2000;19414;43904
2000;19404;43904
2000;19459;43904
2000;19437;43904
2000;19417;43904
2000;19437;43904
2000;19430;43904
2000;19433;43904
2000;19434;43904
2000;19450;43904
2000;19391;43904
2000;19394;43904
2000;19405;43904
2000;19455;43904
2000;19372;43904
2000;19437;43904
2000;19402;43904
2000;19428;43904
2000;19393;43904
2000;19383;43904
2000;19426;43904
2000;19405;43904
2000;19403;43904
2000;19415;43904
2000;19435;43904
2000;19441;43904
2000;19405;43904
2000;19390;43904
2000;19418;43904
2000;19437;43904
2000;19417;43904
2000;19458;43904
2000;19387;43904
2000;19452;43904
2000;19442;43904
2000;19418;43904
2000;19445;43904
2000;19361;43904
2000;19422;43904
2000;19420;43904
2000;19454;43904
2000;19419;43904
2000;19388;43904
2000;19440;43904
2000;19427;43904
2000;19408;43904
2000;19409;43904
2000;19394;43904
2000;19468;43904
2000;19395;43904
2000;19421;43904
2000;19420;43904
2000;19402;43904
2000;19360;43904
2000;19418;43904
2000;19408;43904
2000;19443;43904
2000;19357;43904
2000;19422;43904
2000;19432;43904
2000;19419;43904
2000;19394;43904
2000;19406;43904
2000;19415;43904
2000;19426;43904
2000;19429;43904
2000;19424;43904
2000;19423;43904
2000;19385;43904
2000;19419;43904
2000;19413;43904
2000;19416;43904
2000;19427;43904
2000;19398;43904
2000;19451;43904
2000;19418;43904
2000;19434;43904
2000;19430;43904
2000;19439;43904
2000;19434;43904
3000;30924;69808
3000;30932;69808
3000;30937;69808
3000;30909;69808
3000;30965;69808
3000;30902;69808
3000;30923;69808
3000;30931;69808
3000;30933;69808
3000;30885;69808
3000;30986;69808
3000;30916;69808
3000;30909;69808
3000;30936;69808
3000;30934;69808
3000;30930;69808
3000;30931;69808
3000;30942;69808
3000;30891;69808
3000;30954;69808
3000;30886;69808
3000;30913;69808
3000;30935;69808
3000;30896;69808
3000;30862;69808
3000;30956;69808
3000;30968;69808
3000;30951;69808
3000;30922;69808
3000;30923;69808
3000;30961;69808
3000;30920;69808
3000;30941;69808
3000;30996;69808
3000;30914;69808
3000;30928;69808
3000;30905;69808
3000;30870;69808
3000;30919;69808
3000;30919;69808
3000;30935;69808
3000;30923;69808
3000;30956;69808
3000;30896;69808
3000;30958;69808
3000;30959;69808
3000;30910;69808
3000;30881;69808
3000;30919;69808
3000;30953;69808
3000;30978;69808
3000;30941;69808
3000;30923;69808
3000;30983;69808
3000;30900;69808
3000;30939;69808
3000;30881;69808
3000;30906;69808
3000;30861;69808
3000;30909;69808
3000;30915;69808
3000;30941;69808
3000;30928;69808
3000;30934;69808
3000;30894;69808
3000;30879;69808
3000;30946;69808
3000;30913;69808
3000;30921;69808
3000;30892;69808
3000;30968;69808
3000;30996;69808
3000;30948;69808
3000;30946;69808
3000;30909;69808
3000;30897;69808
3000;30901;69808
3000;30885;69808
3000;30951;69808
3000;30869;69808
3000;30966;69808
3000;30931;69808
3000;30916;69808
3000;30896;69808
3000;30865;69808
3000;30890;69808
3000;30928;69808
3000;30938;69808
3000;30859;69808
3000;30979;69808
3000;30949;69808
3000;30832;69808
3000;30958;69808
3000;30915;69808
3000;30909;69808
3000;30938;69808
3000;30935;69808
3000;31019;69808
3000;30929;69808
3000;30913;69808
4000;42798;95808
4000;42808;95808
4000;42807;95808
4000;42805;95808
4000;42900;95808
4000;42780;95808
4000;42837;95808
4000;42859;95808
4000;42805;95808
4000;42852;95808
4000;42800;95808
4000;42871;95808
4000;42831;95808
4000;42813;95808
4000;42783;95808
4000;42841;95808
4000;42802;95808
4000;42801;95808
4000;42868;95808
4000;42798;95808
4000;42845;95808
4000;42793;95808
4000;42797;95808
4000;42831;95808
4000;42782;95808
4000;42772;95808
4000;42691;95808
4000;42783;95808
4000;42877;95808
4000;42821;95808
4000;42805;95808
4000;42830;95808
4000;42801;95808
4000;42757;95808
4000;42768;95808
4000;42770;95808
4000;42801;95808
4000;42773;95808
4000;42861;95808
4000;42805;95808
4000;42817;95808
4000;42856;95808
4000;42868;95808
4000;42843;95808
4000;42820;95808
4000;42882;95808
4000;42843;95808
4000;42777;95808
4000;42851;95808
4000;42811;95808
4000;42832;95808
4000;42847;95808
4000;42854;95808
4000;42827;95808
4000;42778;95808
4000;42839;95808
4000;42818;95808
4000;42855;95808
4000;42829;95808
4000;42802;95808
4000;42870;95808
4000;42847;95808
4000;42780;95808
4000;42871;95808
4000;42853;95808
4000;42781;95808
4000;42768;95808
4000;42761;95808
4000;42876;95808
4000;42807;95808
4000;42809;95808
4000;42779;95808
4000;42819;95808
4000;42791;95808
4000;42789;95808
4000;42817;95808
4000;42795;95808
4000;42825;95808
4000;42800;95808
4000;42899;95808
4000;42836;95808
4000;42793;95808
4000;42825;95808
4000;42905;95808
4000;42817;95808
4000;42796;95808
4000;42818;95808
4000;42866;95808
4000;42833;95808
4000;42786;95808
4000;42832;95808
4000;42844;95808
4000;42818;95808
4000;42841;95808
4000;42843;95808
4000;42820;95808
4000;42800;95808
4000;42847;95808
4000;42860;95808
4000;42801;95808
5000;55229;123616
5000;55263;123616
5000;55219;123616
5000;55247;123616
5000;55168;123616
5000;55285;123616
5000;55201;123616
5000;55320;123616
5000;55253;123616
5000;55242;123616
5000;55223;123616
5000;55170;123616
5000;55205;123616
5000;55230;123616
5000;55213;123616
5000;55214;123616
5000;55303;123616
5000;55291;123616
5000;55244;123616
5000;55233;123616
5000;55179;123616
5000;55236;123616
5000;55265;123616
5000;55164;123616
5000;55241;123616
5000;55317;123616
5000;55182;123616
5000;55221;123616
5000;55211;123616
5000;55204;123616
5000;55208;123616
5000;55249;123616
5000;55118;123616
5000;55297;123616
5000;55218;123616
5000;55235;123616
5000;55224;123616
5000;55275;123616
5000;55225;123616
5000;55172;123616
5000;55144;123616
5000;55248;123616
5000;55181;123616
5000;55219;123616
5000;55220;123616
5000;55224;123616
5000;55238;123616
5000;55204;123616
5000;55284;123616
5000;55280;123616
5000;55226;123616
5000;55204;123616
5000;55299;123616
5000;55257;123616
5000;55252;123616
5000;55202;123616
5000;55202;123616
5000;55221;123616
5000;55265;123616
5000;55185;123616
5000;55162;123616
5000;55208;123616
5000;55244;123616
5000;55211;123616
5000;55197;123616
5000;55312;123616
5000;55275;123616
5000;55211;123616
5000;55139;123616
5000;55227;123616
5000;55344;123616
5000;55285;123616
5000;55259;123616
5000;55207;123616
5000;55208;123616
5000;55206;123616
5000;55198;123616
5000;55190;123616
5000;55169;123616
5000;55146;123616
5000;55205;123616
5000;55193;123616
5000;55215;123616
5000;55227;123616
5000;55248;123616
5000;55268;123616
5000;55224;123616
5000;55240;123616
5000;55166;123616
5000;55208;123616
5000;55209;123616
5000;55240;123616
5000;55282;123616
5000;55195;123616
5000;55255;123616
5000;55272;123616
5000;55257;123616
5000;55176;123616
5000;55262;123616
5000;55171;123616
6000;67873;151616
6000;67775;151616
6000;67838;151616
6000;67781;151616
6000;67864;151616
6000;67827;151616
6000;67834;151616
6000;67783;151616
6000;67742;151616
6000;67952;151616
6000;67846;151616
6000;67801;151616
6000;67812;151616
6000;67799;151616
6000;67813;151616
6000;67889;151616
6000;67795;151616
6000;67894;151616
6000;67870;151616
6000;67742;151616
6000;67834;151616
6000;67832;151616
6000;67795;151616
6000;67874;151616
6000;67809;151616
6000;67767;151616
6000;67814;151616
6000;67813;151616
6000;67769;151616
6000;67757;151616
6000;67803;151616
6000;67950;151616
6000;67801;151616
6000;67848;151616
6000;67843;151616
6000;67850;151616
6000;67887;151616
6000;67852;151616
6000;67759;151616
6000;67911;151616
6000;67822;151616
6000;67803;151616
6000;67910;151616
6000;67793;151616
6000;67822;151616
6000;67790;151616
6000;67885;151616
6000;67889;151616
6000;67802;151616
6000;67839;151616
6000;67881;151616
6000;67837;151616
6000;67775;151616
6000;67846;151616
6000;67931;151616
6000;67838;151616
6000;67836;151616
6000;67782;151616
6000;67863;151616
6000;67855;151616
6000;67796;151616
6000;67737;151616
6000;67867;151616
6000;67822;151616
6000;67806;151616
6000;67841;151616
6000;67776;151616
6000;67864;151616
6000;67879;151616
6000;67886;151616
6000;67887;151616
6000;67911;151616
6000;67853;151616
6000;67857;151616
6000;67907;151616
6000;67870;151616
6000;67876;151616
6000;67883;151616
6000;67820;151616
6000;67801;151616
6000;67797;151616
6000;67832;151616
6000;67863;151616
6000;67815;151616
6000;67791;151616
6000;67879;151616
6000;67931;151616
6000;67860;151616
6000;67835;151616
6000;67833;151616
6000;67845;151616
6000;67840;151616
6000;67831;151616
6000;67847;151616
6000;67815;151616
6000;67859;151616
6000;67795;151616
6000;67859;151616
6000;67863;151616
6000;67763;151616
7000;80650;179616
7000;80683;179616
7000;80694;179616
7000;80651;179616
7000;80595;179616
7000;80728;179616
7000;80726;179616
7000;80698;179616
7000;80635;179616
7000;80650;179616
7000;80666;179616
7000;80610;179616
7000;80702;179616
7000;80698;179616
7000;80685;179616
7000;80652;179616
7000;80658;179616
7000;80625;179616
7000;80704;179616
7000;80676;179616
7000;80733;179616
7000;80657;179616
7000;80600;179616
7000;80674;179616
7000;80654;179616
7000;80693;179616
7000;80735;179616
7000;80714;179616
7000;80691;179616
7000;80660;179616
7000;80693;179616
7000;80659;179616
7000;80715;179616
7000;80660;179616
7000;80708;179616
7000;80657;179616
7000;80648;179616
7000;80687;179616
7000;80679;179616
7000;80551;179616
7000;80679;179616
7000;80738;179616
7000;80757;179616
7000;80705;179616
7000;80704;179616
7000;80656;179616
7000;80656;179616
7000;80679;179616
7000;80724;179616
7000;80785;179616
7000;80723;179616
7000;80708;179616
7000;80665;179616
7000;80610;179616
7000;80657;179616
7000;80666;179616
7000;80700;179616
7000;80689;179616
7000;80719;179616
7000;80743;179616
7000;80596;179616
7000;80786;179616
7000;80689;179616
7000;80559;179616
7000;80732;179616
7000;80685;179616
7000;80676;179616
7000;80728;179616
7000;80728;179616
7000;80701;179616
7000;80662;179616
7000;80657;179616
7000;80727;179616
7000;80691;179616
7000;80670;179616
7000;80643;179616
7000;80625;179616
7000;80666;179616
7000;80675;179616
7000;80667;179616
7000;80709;179616
7000;80677;179616
7000;80543;179616
7000;80707;179616
7000;80648;179616
7000;80755;179616
7000;80660;179616
7000;80630;179616
7000;80619;179616
7000;80726;179616
7000;80742;179616
7000;80749;179616
7000;80733;179616
7000;80688;179616
7000;80606;179616
7000;80748;179616
7000;80617;179616
7000;80775;179616
7000;80595;179616
7000;80662;179616
8000;93629;207616
8000;93653;207616
8000;93605;207616
8000;93636;207616
8000;93676;207616
8000;93568;207616
8000;93718;207616
8000;93581;207616
8000;93699;207616
8000;93674;207616
8000;93665;207616
8000;93640;207616
8000;93672;207616
8000;93586;207616
8000;93656;207616
8000;93591;207616
8000;93602;207616
8000;93610;207616
8000;93635;207616
8000;93600;207616
8000;93704;207616
8000;93639;207616
8000;93652;207616
8000;93686;207616
8000;93618;207616
8000;93740;207616
8000;93624;207616
8000;93551;207616
8000;93627;207616
8000;93638;207616
8000;93730;207616
8000;93601;207616
8000;93723;207616
8000;93594;207616
8000;93608;207616
8000;93623;207616
8000;93648;207616
8000;93624;207616
8000;93612;207616
8000;93738;207616
8000;93526;207616
8000;93638;207616
8000;93610;207616
8000;93684;207616
8000;93651;207616
8000;93640;207616
8000;93620;207616
8000;93690;207616
8000;93564;207616
8000;93725;207616
8000;93678;207616
8000;93615;207616
8000;93606;207616
8000;93640;207616
8000;93696;207616
8000;93577;207616
8000;93652;207616
8000;93593;207616
8000;93699;207616
8000;93591;207616
8000;93581;207616
8000;93610;207616
8000;93691;207616
8000;93570;207616
8000;93671;207616
8000;93586;207616
8000;93582;207616
8000;93575;207616
8000;93577;207616
8000;93604;207616
8000;93544;207616
8000;93624;207616
8000;93605;207616
8000;93777;207616
8000;93614;207616
8000;93666;207616
8000;93656;207616
8000;93549;207616
8000;93660;207616
8000;93619;207616
8000;93610;207616
8000;93726;207616
8000;93608;207616
8000;93606;207616
8000;93574;207616
8000;93606;207616
8000;93744;207616
8000;93549;207616
8000;93593;207616
8000;93598;207616
8000;93633;207616
8000;93551;207616
8000;93605;207616
8000;93590;207616
8000;93725;207616
8000;93660;207616
8000;93600;207616
8000;93621;207616
8000;93783;207616
8000;93663;207616
9000;107039;237232
9000;107050;237232
9000;106986;237232
9000;107003;237232
9000;106961;237232
9000;106914;237232
9000;107073;237232
9000;106963;237232
9000;106947;237232
9000;106875;237232
9000;107050;237232
9000;106910;237232
9000;107049;237232
9000;107002;237232
9000;106896;237232
9000;107016;237232
9000;107034;237232
9000;106948;237232
9000;107038;237232
9000;107019;237232
9000;106980;237232
9000;107000;237232
9000;107046;237232
9000;106921;237232
9000;107018;237232
9000;106997;237232
9000;106935;237232
9000;106987;237232
9000;106903;237232
9000;106975;237232
9000;107022;237232
9000;106891;237232
9000;106991;237232
9000;106980;237232
9000;107057;237232
9000;107017;237232
9000;106961;237232
9000;106919;237232
9000;106945;237232
9000;107022;237232
9000;106995;237232
9000;106928;237232
9000;106955;237232
9000;106984;237232
9000;106980;237232
9000;107005;237232
9000;107044;237232
9000;106925;237232
9000;106890;237232
9000;107001;237232
9000;106952;237232
9000;106989;237232
9000;106957;237232
9000;107021;237232
9000;107051;237232
9000;106973;237232
9000;107032;237232
9000;107006;237232
9000;106962;237232
9000;106979;237232
9000;107010;237232
9000;106994;237232
9000;107059;237232
9000;107040;237232
9000;106957;237232
9000;107005;237232
9000;106943;237232
9000;106968;237232
9000;106941;237232
9000;106991;237232
9000;107000;237232
9000;106916;237232
9000;106981;237232
9000;107009;237232
9000;107037;237232
9000;106927;237232
9000;106941;237232
9000;106934;237232
9000;106966;237232
9000;107037;237232
9000;106967;237232
9000;106950;237232
9000;106999;237232
9000;107060;237232
9000;106979;237232
9000;106954;237232
9000;107007;237232
9000;107024;237232
9000;106935;237232
9000;106968;237232
9000;106940;237232
9000;107027;237232
9000;107046;237232
9000;106973;237232
9000;107078;237232
9000;106909;237232
9000;106924;237232
9000;107027;237232
9000;107041;237232
9000;106987;237232
10000;120381;267232
10000;120429;267232
10000;120473;267232
10000;120495;267232
10000;120438;267232
10000;120436;267232
10000;120513;267232
10000;120520;267232
10000;120461;267232
10000;120440;267232
10000;120349;267232
10000;120453;267232
10000;120447;267232
10000;120509;267232
10000;120483;267232
10000;120469;267232
10000;120435;267232
10000;120443;267232
10000;120471;267232
10000;120457;267232
10000;120520;267232
10000;120416;267232
10000;120503;267232
10000;120434;267232
10000;120487;267232
10000;120419;267232
10000;120514;267232
10000;120420;267232
10000;120426;267232
10000;120531;267232
10000;120430;267232
10000;120477;267232
10000;120609;267232
10000;120454;267232
10000;120377;267232
10000;120518;267232
10000;120513;267232
10000;120445;267232
10000;120470;267232
10000;120401;267232
10000;120443;267232
10000;120480;267232
10000;120490;267232
10000;120408;267232
10000;120496;267232
10000;120361;267232
10000;120394;267232
10000;120489;267232
10000;120425;267232
10000;120573;267232
10000;120407;267232
10000;120457;267232
10000;120430;267232
10000;120542;267232
10000;120415;267232
10000;120434;267232
10000;120387;267232
10000;120441;267232
10000;120394;267232
10000;120511;267232
10000;120431;267232
10000;120540;267232
10000;120292;267232
10000;120472;267232
10000;120507;267232
10000;120367;267232
10000;120503;267232
10000;120486;267232
10000;120413;267232
10000;120421;267232
10000;120488;267232
10000;120466;267232
10000;120368;267232
10000;120366;267232
10000;120626;267232
10000;120377;267232
10000;120398;267232
10000;120451;267232
10000;120407;267232
10000;120553;267232
10000;120407;267232
10000;120412;267232
10000;120552;267232
10000;120496;267232
10000;120301;267232
10000;120459;267232
10000;120399;267232
10000;120433;267232
10000;120549;267232
10000;120430;267232
10000;120489;267232
10000;120382;267232
10000;120453;267232
10000;120480;267232
10000;120511;267232
10000;120407;267232
10000;120467;267232
10000;120375;267232
10000;120474;267232
10000;120434;267232
11000;133952;297232
11000;134097;297232
11000;134037;297232
11000;134000;297232
11000;134064;297232
11000;134061;297232
11000;133964;297232
11000;134073;297232
11000;134132;297232
11000;134128;297232
11000;134035;297232
11000;134037;297232
11000;134036;297232
11000;133994;297232
11000;134039;297232
11000;133972;297232
11000;134060;297232
11000;134053;297232
11000;134033;297232
11000;134075;297232
11000;134109;297232
11000;134069;297232
11000;134064;297232
11000;134015;297232
11000;134046;297232
11000;133903;297232
11000;134026;297232
11000;134000;297232
11000;134144;297232
11000;133918;297232
11000;133945;297232
11000;133981;297232
11000;134110;297232
11000;134006;297232
11000;134005;297232
11000;134035;297232
11000;134011;297232
11000;133941;297232
11000;134083;297232
11000;134041;297232
11000;134087;297232
11000;133897;297232
11000;133895;297232
11000;134100;297232
11000;134010;297232
11000;134025;297232
11000;133923;297232
11000;134007;297232
11000;134039;297232
11000;134094;297232
11000;134024;297232
11000;134078;297232
11000;134119;297232
11000;133946;297232
11000;134015;297232
11000;134097;297232
11000;134046;297232
11000;134004;297232
11000;134113;297232
11000;133967;297232
11000;134058;297232
11000;134125;297232
11000;134042;297232
11000;133988;297232
11000;134065;297232
11000;134072;297232
11000;134069;297232
11000;133904;297232
11000;134040;297232
11000;134051;297232
11000;134069;297232
11000;133898;297232
11000;133962;297232
11000;133987;297232
11000;133929;297232
11000;134012;297232
11000;134062;297232
11000;133980;297232
11000;134016;297232
11000;134117;297232
11000;133968;297232
11000;134119;297232
11000;134027;297232
11000;134050;297232
11000;133985;297232
11000;134075;297232
11000;134075;297232
11000;134063;297232
11000;134014;297232
11000;134083;297232
11000;133963;297232
11000;134088;297232
11000;134113;297232
11000;133991;297232
11000;133991;297232
11000;134038;297232
11000;134062;297232
11000;134095;297232
11000;134034;297232
11000;134148;297232
12000;147686;327232
12000;147749;327232
12000;147610;327232
12000;147659;327232
12000;147648;327232
12000;147786;327232
12000;147662;327232
12000;147662;327232
12000;147652;327232
12000;147645;327232
12000;147620;327232
12000;147612;327232
12000;147675;327232
12000;147751;327232
12000;147640;327232
12000;147612;327232
12000;147752;327232
12000;147645;327232
12000;147660;327232
12000;147740;327232
12000;147679;327232
12000;147644;327232
12000;147661;327232
12000;147780;327232
12000;147669;327232
12000;147653;327232
12000;147728;327232
12000;147638;327232
12000;147566;327232
12000;147660;327232
12000;147686;327232
12000;147570;327232
12000;147637;327232
12000;147698;327232
12000;147666;327232
12000;147708;327232
12000;147744;327232
12000;147743;327232
12000;147620;327232
12000;147817;327232
12000;147682;327232
12000;147671;327232
12000;147654;327232
12000;147848;327232
12000;147621;327232
12000;147719;327232
12000;147698;327232
12000;147770;327232
12000;147697;327232
12000;147750;327232
12000;147634;327232
12000;147663;327232
12000;147748;327232
12000;147667;327232
12000;147724;327232
12000;147666;327232
12000;147692;327232
12000;147569;327232
12000;147665;327232
12000;147615;327232
12000;147732;327232
12000;147657;327232
12000;147623;327232
12000;147658;327232
12000;147677;327232
12000;147640;327232
12000;147576;327232
12000;147724;327232
12000;147660;327232
12000;147700;327232
12000;147681;327232
12000;147754;327232
12000;147659;327232
12000;147659;327232
12000;147726;327232
12000;147576;327232
12000;147656;327232
12000;147758;327232
12000;147648;327232
12000;147677;327232
12000;147584;327232
12000;147548;327232
12000;147656;327232
12000;147772;327232
12000;147703;327232
12000;147758;327232
12000;147594;327232
12000;147806;327232
12000;147704;327232
12000;147795;327232
12000;147651;327232
12000;147631;327232
12000;147696;327232
12000;147683;327232
12000;147686;327232
12000;147744;327232
12000;147693;327232
12000;147691;327232
12000;147541;327232
12000;147532;327232
13000;161457;357232
13000;161498;357232
13000;161449;357232
13000;161379;357232
13000;161578;357232
13000;161510;357232
13000;161436;357232
13000;161362;357232
13000;161537;357232
13000;161403;357232
13000;161414;357232
13000;161518;357232
13000;161438;357232
13000;161399;357232
13000;161527;357232
13000;161616;357232
13000;161641;357232
13000;161364;357232
13000;161366;357232
13000;161513;357232
13000;161561;357232
13000;161522;357232
13000;161538;357232
13000;161575;357232
13000;161491;357232
13000;161490;357232
13000;161523;357232
13000;161459;357232
13000;161440;357232
13000;161382;357232
13000;161474;357232
13000;161443;357232
13000;161504;357232
13000;161484;357232
13000;161433;357232
13000;161615;357232
13000;161544;357232
13000;161396;357232
13000;161466;357232
13000;161551;357232
13000;161483;357232
13000;161538;357232
13000;161434;357232
13000;161439;357232
13000;161480;357232
13000;161396;357232
13000;161500;357232
13000;161549;357232
13000;161445;357232
13000;161418;357232
13000;161504;357232
13000;161444;357232
13000;161370;357232
13000;161440;357232
13000;161509;357232
13000;161355;357232
13000;161442;357232
13000;161500;357232
13000;161502;357232
13000;161489;357232
13000;161440;357232
13000;161478;357232
13000;161520;357232
13000;161591;357232
13000;161427;357232
13000;161390;357232
13000;161543;357232
13000;161430;357232
13000;161544;357232
13000;161496;357232
13000;161580;357232
13000;161501;357232
13000;161483;357232
13000;161557;357232
13000;161406;357232
13000;161529;357232
13000;161452;357232
13000;161476;357232
13000;161567;357232
13000;161480;357232
13000;161414;357232
13000;161513;357232
13000;161428;357232
13000;161474;357232
13000;161435;357232
13000;161429;357232
13000;161494;357232
13000;161490;357232
13000;161568;357232
13000;161505;357232
13000;161627;357232
13000;161374;357232
13000;161650;357232
13000;161478;357232
13000;161413;357232
13000;161579;357232
13000;161467;357232
13000;161441;357232
13000;161525;357232
13000;161439;357232
14000;175488;387232
14000;175469;387232
14000;175439;387232
14000;175294;387232
14000;175320;387232
14000;175357;387232
14000;175353;387232
14000;175410;387232
14000;175388;387232
14000;175385;387232
14000;175339;387232
14000;175466;387232
14000;175251;387232
14000;175275;387232
14000;175200;387232
14000;175331;387232
14000;175416;387232
14000;175349;387232
14000;175291;387232
14000;175333;387232
14000;175263;387232
14000;175372;387232
14000;175316;387232
14000;175414;387232
14000;175431;387232
14000;175320;387232
14000;175396;387232
14000;175235;387232
14000;175359;387232
14000;175153;387232
14000;175512;387232
14000;175350;387232
14000;175404;387232
14000;175344;387232
14000;175299;387232
14000;175284;387232
14000;175276;387232
14000;175384;387232
14000;175368;387232
14000;175432;387232
14000;175462;387232
14000;175287;387232
14000;175252;387232
14000;175395;387232
14000;175347;387232
14000;175338;387232
14000;175463;387232
14000;175352;387232
14000;175353;387232
14000;175287;387232
14000;175389;387232
14000;175399;387232
14000;175340;387232
14000;175266;387232
14000;175414;387232
14000;175366;387232
14000;175473;387232
14000;175496;387232
14000;175313;387232
14000;175404;387232
14000;175247;387232
14000;175316;387232
14000;175305;387232
14000;175371;387232
14000;175304;387232
14000;175361;387232
14000;175317;387232
14000;175317;387232
14000;175235;387232
14000;175372;387232
14000;175225;387232
14000;175402;387232
14000;175268;387232
14000;175361;387232
14000;175392;387232
14000;175422;387232
14000;175316;387232
14000;175448;387232
14000;175263;387232
14000;175476;387232
14000;175294;387232
14000;175294;387232
14000;175249;387232
14000;175427;387232
14000;175294;387232
14000;175454;387232
14000;175401;387232
14000;175330;387232
14000;175498;387232
14000;175417;387232
14000;175459;387232
14000;175370;387232
14000;175368;387232
14000;175295;387232
14000;175198;387232
14000;175413;387232
14000;175374;387232
14000;175469;387232
14000;175216;387232
14000;175315;387232
15000;189286;417232
15000;189180;417232
15000;189347;417232
15000;189348;417232
15000;189383;417232
15000;189144;417232
15000;189230;417232
15000;189330;417232
15000;189406;417232
15000;189427;417232
15000;189256;417232
15000;189131;417232
15000;189198;417232
15000;189391;417232
15000;189259;417232
15000;189251;417232
15000;189357;417232
15000;189280;417232
15000;189357;417232
15000;189390;417232
15000;189247;417232
15000;189271;417232
15000;189252;417232
15000;189241;417232
15000;189265;417232
15000;189322;417232
15000;189300;417232
15000;189278;417232
15000;189369;417232
15000;189422;417232
15000;189234;417232
15000;189303;417232
15000;189198;417232
15000;189256;417232
15000;189385;417232
15000;189234;417232
15000;189263;417232
15000;189251;417232
15000;189317;417232
15000;189313;417232
15000;189175;417232
15000;189311;417232
15000;189284;417232
15000;189396;417232
15000;189286;417232
15000;189381;417232
15000;189372;417232
15000;189295;417232
15000;189288;417232
15000;189229;417232
15000;189209;417232
15000;189219;417232
15000;189315;417232
15000;189277;417232
15000;189432;417232
15000;189372;417232
15000;189191;417232
15000;189398;417232
15000;189197;417232
15000;189334;417232
15000;189248;417232
15000;189376;417232
15000;189395;417232
15000;189210;417232
15000;189367;417232
15000;189315;417232
15000;189315;417232
15000;189332;417232
15000;189396;417232
15000;189335;417232
15000;189158;417232
15000;189162;417232
15000;189216;417232
15000;189280;417232
15000;189249;417232
15000;189440;417232
15000;189329;417232
15000;189328;417232
15000;189410;417232
15000;189192;417232
15000;189168;417232
15000;189346;417232
15000;189365;417232
15000;189268;417232
15000;189238;417232
15000;189262;417232
15000;189328;417232
15000;189263;417232
15000;189521;417232
15000;189359;417232
15000;189355;417232
15000;189298;417232
15000;189208;417232
15000;189399;417232
15000;189291;417232
15000;189379;417232
15000;189143;417232
15000;189294;417232
15000;189343;417232
15000;189393;417232
16000;203262;447232
16000;203192;447232
16000;203289;447232
16000;203287;447232
16000;203321;447232
16000;203183;447232
16000;203300;447232
16000;203251;447232
16000;203248;447232
16000;203205;447232
16000;203310;447232
16000;203331;447232
16000;203340;447232
16000;203292;447232
16000;203270;447232
16000;203284;447232
16000;203345;447232
16000;203239;447232
16000;203349;447232
16000;203316;447232
16000;203347;447232
16000;203318;447232
16000;203265;447232
16000;203314;447232
16000;203328;447232
16000;203377;447232
16000;203306;447232
16000;203331;447232
16000;203246;447232
16000;203278;447232
16000;203131;447232
16000;203241;447232
16000;203375;447232
16000;203312;447232
16000;203303;447232
16000;203437;447232
16000;203081;447232
16000;203285;447232
16000;203260;447232
16000;203416;447232
16000;203379;447232
16000;203263;447232
16000;203277;447232
16000;203286;447232
16000;203432;447232
16000;203097;447232
16000;203401;447232
16000;203083;447232
16000;203236;447232
16000;203272;447232
16000;203189;447232
16000;203370;447232
16000;203259;447232
16000;203249;447232
16000;203213;447232
16000;203176;447232
16000;203271;447232
16000;203190;447232
16000;203209;447232
16000;203309;447232
16000;203382;447232
16000;203390;447232
16000;203358;447232
16000;203221;447232
16000;203282;447232
16000;203221;447232
16000;203141;447232
16000;203255;447232
16000;203173;447232
16000;203289;447232
16000;203407;447232
16000;203275;447232
16000;203278;447232
16000;203278;447232
16000;203330;447232
16000;203220;447232
16000;203488;447232
16000;203421;447232
16000;203200;447232
16000;203189;447232
16000;203370;447232
16000;203302;447232
16000;203311;447232
16000;203287;447232
16000;203111;447232
16000;203157;447232
16000;203222;447232
16000;203251;447232
16000;203161;447232
16000;203331;447232
16000;203283;447232
16000;203394;447232
16000;203299;447232
16000;203333;447232
16000;203397;447232
16000;203264;447232
16000;203327;447232
16000;203149;447232
16000;203279;447232
16000;203253;447232
17000;217519;478464
17000;217434;478464
17000;217601;478464
17000;217481;478464
17000;217429;478464
17000;217677;478464
17000;217525;478464
17000;217501;478464
17000;217423;478464
17000;217405;478464
17000;217614;478464
17000;217562;478464
17000;217493;478464
17000;217544;478464
17000;217604;478464
17000;217421;478464
17000;217608;478464
17000;217657;478464
17000;217634;478464
17000;217548;478464
17000;217510;478464
17000;217461;478464
17000;217429;478464
17000;217565;478464
17000;217488;478464
17000;217534;478464
17000;217536;478464
17000;217611;478464
17000;217527;478464
17000;217630;478464
17000;217431;478464
17000;217570;478464
17000;217533;478464
17000;217471;478464
17000;217500;478464
17000;217467;478464
17000;217540;478464
17000;217485;478464
17000;217418;478464
17000;217573;478464
17000;217643;478464
17000;217412;478464
17000;217483;478464
17000;217646;478464
17000;217497;478464
17000;217425;478464
17000;217419;478464
17000;217565;478464
17000;217575;478464
17000;217491;478464
17000;217495;478464
17000;217475;478464
17000;217654;478464
17000;217553;478464
17000;217474;478464
17000;217470;478464
17000;217562;478464
17000;217555;478464
17000;217536;478464
17000;217571;478464
17000;217571;478464
17000;217512;478464
17000;217643;478464
17000;217587;478464
17000;217577;478464
17000;217509;478464
17000;217602;478464
17000;217554;478464
17000;217550;478464
17000;217523;478464
17000;217500;478464
17000;217566;478464
17000;217675;478464
17000;217665;478464
17000;217611;478464
17000;217491;478464
17000;217423;478464
17000;217460;478464
17000;217479;478464
17000;217457;478464
17000;217649;478464
17000;217458;478464
17000;217583;478464
17000;217468;478464
17000;217499;478464
17000;217558;478464
17000;217636;478464
17000;217669;478464
17000;217532;478464
17000;217543;478464
17000;217497;478464
17000;217706;478464
17000;217317;478464
17000;217463;478464
17000;217466;478464
17000;217549;478464
17000;217528;478464
17000;217661;478464
17000;217483;478464
17000;217571;478464
18000;232011;510464
18000;231898;510464
18000;231921;510464
18000;231967;510464
18000;231831;510464
18000;231897;510464
18000;232036;510464
18000;231943;510464
18000;232142;510464
18000;231989;510464
18000;231974;510464
18000;231956;510464
18000;231972;510464
18000;232068;510464
18000;231973;510464
18000;231917;510464
18000;231920;510464
18000;232010;510464
18000;231917;510464
18000;231994;510464
18000;231931;510464
18000;231897;510464
18000;231974;510464
18000;232046;510464
18000;231879;510464
18000;232047;510464
18000;231919;510464
18000;231942;510464
18000;231882;510464
18000;231953;510464
18000;231896;510464
18000;232019;510464
18000;231933;510464
18000;231874;510464
18000;231857;510464
18000;231969;510464
18000;231935;510464
18000;231970;510464
18000;231862;510464
18000;231876;510464
18000;232009;510464
18000;231941;510464
18000;231988;510464
18000;231957;510464
18000;232091;510464
18000;232044;510464
18000;232124;510464
18000;232041;510464
18000;231892;510464
18000;232012;510464
18000;231980;510464
18000;231922;510464
18000;232021;510464
18000;231999;510464
18000;231956;510464
18000;231936;510464
18000;231926;510464
18000;232027;510464
18000;231920;510464
18000;231947;510464
18000;231888;510464
18000;231781;510464
18000;231906;510464
18000;231922;510464
18000;232012;510464
18000;231919;510464
18000;232078;510464
18000;231908;510464
18000;231950;510464
18000;231950;510464
18000;231983;510464
18000;231860;510464
18000;232040;510464
18000;231920;510464
18000;231905;510464
18000;231956;510464
18000;231909;510464
18000;231873;510464
18000;231945;510464
18000;231849;510464
18000;231839;510464
18000;231986;510464
18000;231978;510464
18000;232024;510464
18000;231866;510464
18000;231854;510464
18000;231961;510464
18000;232133;510464
18000;232026;510464
18000;231776;510464
18000;231870;510464
18000;231774;510464
18000;231921;510464
18000;231908;510464
18000;232041;510464
18000;231909;510464
18000;231897;510464
18000;232110;510464
18000;231888;510464
18000;231929;510464
19000;246441;542464
19000;246378;542464
19000;246370;542464
19000;246394;542464
19000;246348;542464
19000;246392;542464
19000;246312;542464
19000;246513;542464
19000;246513;542464
19000;246447;542464
19000;246404;542464
19000;246356;542464
19000;246395;542464
19000;246317;542464
19000;246294;542464
19000;246432;542464
19000;246466;542464
19000;246440;542464
19000;246470;542464
19000;246333;542464
19000;246263;542464
19000;246292;542464
19000;246407;542464
19000;246417;542464
19000;246411;542464
19000;246474;542464
19000;246333;542464
19000;246512;542464
19000;246455;542464
19000;246438;542464
19000;246530;542464
19000;246437;542464
19000;246378;542464
19000;246467;542464
19000;246347;542464
19000;246509;542464
19000;246520;542464
19000;246242;542464
19000;246376;542464
19000;246517;542464
19000;246427;542464
19000;246402;542464
19000;246414;542464
19000;246538;542464
19000;246383;542464
19000;246505;542464
19000;246480;542464
19000;246345;542464
19000;246497;542464
19000;246361;542464
19000;246293;542464
19000;246343;542464
19000;246460;542464
19000;246369;542464
19000;246435;542464
19000;246350;542464
19000;246399;542464
19000;246506;542464
19000;246486;542464
19000;246412;542464
19000;246460;542464
19000;246501;542464
19000;246282;542464
19000;246301;542464
19000;246370;542464
19000;246540;542464
19000;246414;542464
19000;246249;542464
19000;246417;542464
19000;246364;542464
19000;246348;542464
19000;246494;542464
19000;246308;542464
19000;246450;542464
19000;246468;542464
19000;246382;542464
19000;246298;542464
19000;246501;542464
19000;246482;542464
19000;246214;542464
19000;246413;542464
19000;246469;542464
19000;246317;542464
19000;246317;542464
19000;246339;542464
19000;246329;542464
19000;246486;542464
19000;246448;542464
19000;246427;542464
19000;246290;542464
19000;246373;542464
19000;246331;542464
19000;246442;542464
19000;246401;542464
19000;246464;542464
19000;246406;542464
19000;246315;542464
19000;246456;542464
19000;246344;542464
19000;246351;542464
20000;260854;574464
20000;260786;574464
20000;260943;574464
20000;260831;574464
20000;260846;574464
20000;260817;574464
20000;260872;574464
20000;260745;574464
20000;260853;574464
20000;260964;574464
20000;260851;574464
20000;260828;574464
20000;260890;574464
20000;260934;574464
20000;261006;574464
20000;261029;574464
20000;260945;574464
20000;261046;574464
20000;260892;574464
20000;260835;574464
20000;260968;574464
20000;260804;574464
20000;260875;574464
20000;261057;574464
20000;260887;574464
20000;260915;574464
20000;260993;574464
20000;261040;574464
20000;260787;574464
20000;261044;574464
20000;260675;574464
20000;260946;574464
20000;261034;574464
20000;260755;574464
20000;260841;574464
20000;260817;574464
20000;260875;574464
20000;260923;574464
20000;260973;574464
20000;261043;574464
20000;260939;574464
20000;260847;574464
20000;260917;574464
20000;260898;574464
20000;260919;574464
20000;261072;574464
20000;260956;574464
20000;260768;574464
20000;260937;574464
20000;260786;574464
20000;260834;574464
20000;260700;574464
20000;260900;574464
20000;260901;574464
20000;260949;574464
20000;260979;574464
20000;261008;574464
20000;260974;574464
20000;260848;574464
20000;260811;574464
20000;260892;574464
20000;261019;574464
20000;260869;574464
20000;260942;574464
20000;260830;574464
20000;260888;574464
20000;260899;574464
20000;260954;574464
20000;260735;574464
20000;261062;574464
20000;260885;574464
20000;260960;574464
20000;260733;574464
20000;260983;574464
20000;260927;574464
20000;260873;574464
20000;260752;574464
20000;260905;574464
20000;260729;574464
20000;260894;574464
20000;260826;574464
20000;260771;574464
20000;260947;574464
20000;260908;574464
20000;261047;574464
20000;260864;574464
20000;260763;574464
20000;260930;574464
20000;260979;574464
20000;260911;574464
20000;260893;574464
20000;261013;574464
20000;260915;574464
20000;260867;574464
20000;260721;574464
20000;260987;574464
20000;261013;574464
20000;260952;574464
20000;260741;574464
20000;260989;574464
