10;56;9
10;53;12
10;46;6
10;49;8
10;49;9
10;51;9
10;48;6
10;51;5
10;53;8
10;53;9
10;44;5
10;60;7
10;51;8
10;50;7
10;51;9
10;52;6
10;53;7
10;54;9
10;49;7
10;49;7
10;58;10
10;50;6
10;50;10
10;52;11
10;48;7
10;51;9
10;54;8
10;49;9
10;51;8
10;60;9
10;52;9
10;60;7
10;50;9
10;57;8
10;49;7
10;57;10
10;51;5
10;49;7
10;54;8
10;54;8
10;54;6
10;63;8
10;46;8
10;48;9
10;50;8
10;46;5
10;51;10
10;54;8
10;46;6
10;48;5
10;47;6
10;49;8
10;54;9
10;46;8
10;51;8
10;50;7
10;58;10
10;50;9
10;55;9
10;56;9
10;47;7
10;48;8
10;49;8
10;48;8
10;51;9
10;50;7
10;50;8
10;62;10
10;52;8
10;46;7
10;54;8
10;47;7
10;48;7
10;49;8
10;51;9
10;50;8
10;49;8
10;50;8
10;45;5
10;57;9
10;56;10
10;56;4
10;52;9
10;57;8
10;59;8
10;57;8
10;52;8
10;46;5
10;56;8
10;52;9
10;59;8
10;51;9
10;53;8
10;55;8
10;52;4
10;53;9
10;44;3
10;50;7
10;49;4
10;51;9
20;117;16
20;128;20
20;124;18
20;120;15
20;122;21
20;141;21
20;152;19
20;133;22
20;138;19
20;154;19
20;137;18
20;120;18
20;134;21
20;130;17
20;128;21
20;122;20
20;129;18
20;132;25
20;139;18
20;131;18
20;126;22
20;139;24
20;129;19
20;140;21
20;145;19
20;137;19
20;131;20
20;134;20
20;135;21
20;130;21
20;136;22
20;127;23
20;128;22
20;138;20
20;163;17
20;128;20
20;142;18
20;124;18
20;156;19
20;125;19
20;136;21
20;155;20
20;149;22
20;140;21
20;145;22
20;127;18
20;146;21
20;127;20
20;129;24
20;167;18
20;147;20
20;154;20
20;124;20
20;129;20
20;126;18
20;134;23
20;159;20
20;157;22
20;126;24
20;128;18
20;127;22
20;154;19
20;123;20
20;129;22
20;122;19
20;131;23
20;143;23
20;147;19
20;136;20
20;122;21
20;138;19
20;130;20
20;130;23
20;127;22
20;127;21
20;127;18
20;129;21
20;136;19
20;121;20
20;122;17
20;122;17
20;117;15
20;124;19
20;128;21
20;139;26
20;140;20
20;119;18
20;129;23
20;139;21
20;116;17
20;128;20
20;135;21
20;117;16
20;133;19
20;144;22
20;124;20
20;140;21
20;160;23
20;126;22
20;140;21
30;219;39
30;208;34
30;214;36
30;221;36
30;212;35
30;218;40
30;203;34
30;245;37
30;222;34
30;238;42
30;224;36
30;222;35
30;235;35
30;245;36
30;249;36
30;219;35
30;209;34
30;222;33
30;227;36
30;208;33
30;226;35
30;215;34
30;227;33
30;244;34
30;220;37
30;224;28
30;210;29
30;230;33
30;219;34
30;210;34
30;203;32
30;216;36
30;227;37
30;209;35
30;233;33
30;202;38
30;262;34
30;217;34
30;245;36
30;274;34
30;239;38
30;232;32
30;229;31
30;209;34
30;211;34
30;255;30
30;221;38
30;233;36
30;217;34
30;236;30
30;209;38
30;234;35
30;224;32
30;211;31
30;209;32
30;215;33
30;232;32
30;242;34
30;217;36
30;236;35
30;231;33
30;216;36
30;212;26
30;238;28
30;230;34
30;241;33
30;218;36
30;219;37
30;219;34
30;210;31
30;215;39
30;215;33
30;245;34
30;220;35
30;226;39
30;207;35
30;234;35
30;276;39
30;231;32
30;202;36
30;220;35
30;210;28
30;231;33
30;206;32
30;228;38
30;235;30
30;211;36
30;206;38
30;240;31
30;196;29
30;219;30
30;225;31
30;223;38
30;268;33
30;223;34
30;254;29
30;238;34
30;235;42
30;232;36
30;235;32
40;331;47
40;334;54
40;344;52
40;361;46
40;335;48
40;333;47
40;330;51
40;305;40
40;326;45
40;335;55
40;306;46
40;309;49
40;315;45
40;297;52
40;356;45
40;311;51
40;322;51
40;303;48
40;319;52
40;319;46
40;313;57
40;308;47
40;292;52
40;299;50
40;320;46
40;350;47
40;298;45
40;347;49
40;333;44
40;309;48
40;330;53
40;287;45
40;320;49
40;337;50
40;339;44
40;335;42
40;299;48
40;285;52
40;302;54
40;374;48
40;342;52
40;313;58
40;320;48
40;325;48
40;327;53
40;292;46
40;384;50
40;318;43
40;381;47
40;313;52
40;297;47
40;336;50
40;359;49
40;298;51
40;313;56
40;296;46
40;313;50
40;327;52
40;401;49
40;298;47
40;312;53
40;299;46
40;333;50
40;317;53
40;380;52
40;311;45
40;293;51
40;292;43
40;326;51
40;331;47
40;314;46
40;311;53
40;313;46
40;305;50
40;335;50
40;298;46
40;296;49
40;316;52
40;295;48
40;324;50
40;370;50
40;337;43
40;349;49
40;347;54
40;348;50
40;328;47
40;340;50
40;293;54
40;303;51
40;334;46
40;322;55
40;326;49
40;331;61
40;305;53
40;360;54
40;347;49
40;321;52
40;302;50
40;333;56
40;293;55
50;390;67
50;421;65
50;445;64
50;408;74
50;466;68
50;437;78
50;459;66
50;399;72
50;445;72
50;394;62
50;442;64
50;409;72
50;413;62
50;410;61
50;443;67
50;461;63
50;436;68
50;391;63
50;407;71
50;401;66
50;442;67
50;455;67
50;411;68
50;456;64
50;380;67
50;442;71
50;423;61
50;436;66
50;388;69
50;421;65
50;419;64
50;407;74
50;411;65
50;452;65
50;417;70
50;513;63
50;441;61
50;445;66
50;456;64
50;486;62
50;379;70
50;470;63
50;437;73
50;414;59
50;404;69
50;392;70
50;409;64
50;415;65
50;424;61
50;404;63
50;487;68
50;454;66
50;501;61
50;435;62
50;413;69
50;417;61
50;422;61
50;417;57
50;381;68
50;419;60
50;456;65
50;427;63
50;438;65
50;446;68
50;422;72
50;461;62
50;391;63
50;422;70
50;418;63
50;408;61
50;433;65
50;397;67
50;468;66
50;413;66
50;394;63
50;392;70
50;413;74
50;421;59
50;452;73
50;426;61
50;511;68
50;383;75
50;401;69
50;450;59
50;434;59
50;413;68
50;414;72
50;376;63
50;426;58
50;443;60
50;403;73
50;384;73
50;420;67
50;463;62
50;484;70
50;430;71
50;418;61
50;401;59
50;459;63
50;483;67
60;525;78
60;510;84
60;499;84
60;510;81
60;497;88
60;596;87
60;525;92
60;513;80
60;568;80
60;569;74
60;714;74
60;550;80
60;515;78
60;495;89
60;517;74
60;523;79
60;569;94
60;584;82
60;512;79
60;497;91
60;535;84
60;607;86
60;502;88
60;507;92
60;480;76
60;565;78
60;583;94
60;492;88
60;525;87
60;635;80
60;626;88
60;497;82
60;502;83
60;654;76
60;514;83
60;588;89
60;550;88
60;593;80
60;484;85
60;502;79
60;553;88
60;542;86
60;505;79
60;590;80
60;569;75
60;540;83
60;512;83
60;599;83
60;528;84
60;549;74
60;554;88
60;544;78
60;552;80
60;476;80
60;523;80
60;512;72
60;512;80
60;550;84
60;500;88
60;573;82
60;496;78
60;521;81
60;493;90
60;492;73
60;492;78
60;517;82
60;531;82
60;543;82
60;521;89
60;566;78
60;498;85
60;515;77
60;556;76
60;521;83
60;512;80
60;503;81
60;523;80
60;514;86
60;501;90
60;498;88
60;563;83
60;468;81
60;491;86
60;543;77
60;544;92
60;519;83
60;488;83
60;514;82
60;508;82
60;535;88
60;566;78
60;486;86
60;536;81
60;507;75
60;508;87
60;547;83
60;485;89
60;496;83
60;506;76
60;538;84
70;676;92
70;651;108
70;685;97
70;655;96
70;693;96
70;678;95
70;641;99
70;622;97
70;716;104
70;610;103
70;591;103
70;590;99
70;694;100
70;664;98
70;601;99
70;646;100
70;705;97
70;598;101
70;620;106
70;617;108
70;707;99
70;597;97
70;633;99
70;656;107
70;637;96
70;630;103
70;619;96
70;688;98
70;593;109
70;628;109
70;621;97
70;580;106
70;671;96
70;578;97
70;687;100
70;651;95
70;663;108
70;652;97
70;594;94
70;670;97
70;644;100
70;670;102
70;707;100
70;666;102
70;694;101
70;622;92
70;632;93
70;629;98
70;649;103
70;612;96
70;619;92
70;627;92
70;691;107
70;622;100
70;677;102
70;617;110
70;599;107
70;624;109
70;608;105
70;576;98
70;654;100
70;634;92
70;618;102
70;659;98
70;659;98
70;600;109
70;700;99
70;633;104
70;628;103
70;688;99
70;630;102
70;582;104
70;699;102
70;668;103
70;689;103
70;652;105
70;652;95
70;606;108
70;706;105
70;575;92
70;644;96
70;635;103
70;617;92
70;584;95
70;615;110
70;612;94
70;598;98
70;616;102
70;625;102
70;583;101
70;582;102
70;733;101
70;635;106
70;587;106
70;620;105
70;612;105
70;614;95
70;602;102
70;676;93
70;623;102
80;895;108
80;699;117
80;718;116
80;675;112
80;745;125
80;745;123
80;688;107
80;716;112
80;729;116
80;740;121
80;712;118
80;733;113
80;728;126
80;785;132
80;695;118
80;779;126
80;801;123
80;695;122
80;773;127
80;703;112
80;754;122
80;728;114
80;742;115
80;775;117
80;723;115
80;827;125
80;725;113
80;721;120
80;790;126
80;746;108
80;705;124
80;813;116
80;739;117
80;741;112
80;858;117
80;805;115
80;750;125
80;701;124
80;760;117
80;879;112
80;718;121
80;742;126
80;796;117
80;796;109
80;749;116
80;731;125
80;752;121
80;739;118
80;696;118
80;766;112
80;704;121
80;730;128
80;709;127
80;761;115
80;739;119
80;731;116
80;679;125
80;734;124
80;739;117
80;720;121
80;727;107
80;825;115
80;844;115
80;857;120
80;752;117
80;737;120
80;697;110
80;837;117
80;700;118
80;822;121
80;765;128
80;796;120
80;789;118
80;840;114
80;737;125
80;690;111
80;792;124
80;702;120
80;789;124
80;758;132
80;770;124
80;757;114
80;796;116
80;718;123
80;782;127
80;739;121
80;781;106
80;719;123
80;704;114
80;791;115
80;696;126
80;862;118
80;784;118
80;736;123
80;693;125
80;704;115
80;832;118
80;688;121
80;856;110
80;716;117
90;819;143
90;963;128
90;787;141
90;804;136
90;822;138
90;896;144
90;881;131
90;788;144
90;873;132
90;799;131
90;841;131
90;830;134
90;811;137
90;835;133
90;900;128
90;887;128
90;899;130
90;844;136
90;846;126
90;937;130
90;813;133
90;823;137
90;857;141
90;921;142
90;839;141
90;829;150
90;914;144
90;818;142
90;839;139
90;895;141
90;905;130
90;823;134
90;852;136
90;879;144
90;810;133
90;789;141
90;811;132
90;859;147
90;921;132
90;877;133
90;829;132
90;852;143
90;830;139
90;893;130
90;953;141
90;941;142
90;1019;128
90;868;136
90;854;145
90;801;133
90;845;143
90;829;140
90;840;140
90;801;138
90;844;145
90;817;143
90;810;137
90;835;128
90;868;126
90;905;126
90;831;142
90;1055;136
90;817;137
90;846;141
90;875;136
90;823;134
90;865;135
90;906;139
90;867;140
90;929;140
90;830;134
90;869;140
90;907;132
90;927;130
90;786;143
90;843;122
90;860;133
90;908;134
90;857;128
90;819;140
90;815;135
90;817;140
90;873;136
90;917;138
90;831;138
90;848;130
90;902;130
90;914;130
90;823;146
90;845;136
90;858;126
90;892;129
90;887;129
90;939;133
90;844;146
90;938;127
90;857;133
90;865;142
90;843;139
90;823;136
100;938;155
100;1102;159
100;911;157
100;1116;155
100;909;164
100;1035;166
100;911;157
100;1048;152
100;880;153
100;978;164
100;1042;145
100;917;152
100;961;153
100;1028;163
100;1058;153
100;1268;168
100;994;160
100;969;150
100;982;151
100;974;159
100;968;151
100;1018;155
100;1028;150
100;1002;150
100;921;151
100;936;158
100;976;155
100;949;154
100;988;136
100;988;156
100;953;170
100;1084;160
100;1001;159
100;1102;150
100;1002;151
100;974;162
100;941;173
100;1006;150
100;933;158
100;952;155
100;963;151
100;918;155
100;888;158
100;995;154
100;937;161
100;1040;150
100;946;148
100;918;160
100;958;152
100;1019;145
100;1021;158
100;893;158
100;1024;150
100;984;158
100;971;150
100;1008;155
100;964;149
100;932;164
100;898;147
100;916;152
100;951;148
100;939;154
100;1006;160
100;975;150
100;1045;153
100;903;155
100;995;160
100;912;158
100;904;153
100;966;157
100;1035;152
100;964;149
100;974;160
100;1035;148
100;977;152
100;987;168
100;1033;151
100;1008;149
100;955;160
100;940;164
100;893;158
100;1020;163
100;1026;147
100;988;153
100;987;146
100;951;157
100;912;150
100;1028;158
100;1022;159
100;993;151
100;957;149
100;1060;150
100;1000;143
100;971;157
100;1009;154
100;984;151
100;914;152
100;939;156
100;918;171
100;1020;159
110;1060;162
110;1048;185
110;1089;171
110;1217;169
110;1138;172
110;1077;171
110;1160;181
110;1156;182
110;1092;176
110;1276;159
110;1163;181
110;1085;171
110;1084;179
110;1113;166
110;1070;172
110;1093;167
110;1514;163
110;1155;173
110;1065;160
110;1160;174
110;1034;182
110;1211;158
110;1249;166
110;1103;169
110;1073;188
110;1071;164
110;1023;174
110;1054;178
110;1181;170
110;1051;165
110;1211;165
110;1024;173
110;1048;178
110;1098;175
110;1095;174
110;1054;181
110;1068;177
110;1059;174
110;1074;167
110;1114;181
110;1191;168
110;1140;176
110;1252;176
110;1120;180
110;1060;173
110;1115;174
110;1006;175
110;1253;168
110;1155;180
110;1115;168
110;1080;171
110;1121;175
110;1103;169
110;1042;174
110;1072;177
110;1032;175
110;1150;174
110;1010;174
110;1056;167
110;1110;180
110;1103;182
110;1074;178
110;1076;174
110;1120;172
110;1145;167
110;1108;179
110;1063;166
110;1104;164
110;1167;167
110;1088;174
110;1138;167
110;1067;177
110;1032;161
110;1125;178
110;1162;173
110;1101;183
110;1108;158
110;1160;178
110;1049;164
110;1125;171
110;1022;180
110;1028;177
110;1044;175
110;1050;172
110;1486;164
110;1032;166
110;1126;163
110;1111;169
110;1140;161
110;1339;161
110;1172;169
110;1148;174
110;1207;179
110;1048;186
110;1273;166
110;1158;165
110;1156;171
110;1160;170
110;1121;177
110;1136;174
120;1180;196
120;1233;186
120;1183;194
120;1144;196
120;1204;199
120;1294;176
120;1258;192
120;1235;205
120;1198;196
120;1167;194
120;1205;198
120;1325;211
120;1211;194
120;1307;190
120;1398;177
120;1141;196
120;1104;187
120;1231;181
120;1139;203
120;1274;206
120;1294;184
120;1235;194
120;1216;188
120;1192;199
120;1176;192
120;1162;191
120;1095;204
120;1269;187
120;1208;190
120;1157;199
120;1130;182
120;1140;188
120;1255;192
120;1316;191
120;1224;208
120;1164;203
120;1285;168
120;1218;198
120;1165;201
120;1161;198
120;1263;188
120;1219;182
120;1191;202
120;1195;189
120;1297;197
120;1214;201
120;1132;187
120;1218;191
120;1372;179
120;1182;200
120;1176;203
120;1209;197
120;1144;186
120;1584;177
120;1214;186
120;1286;183
120;1166;192
120;1231;188
120;1248;202
120;1263;185
120;1270;176
120;1311;182
120;1151;190
120;1198;193
120;1197;198
120;1450;188
120;1131;201
120;1135;192
120;1250;191
120;1205;190
120;1230;197
120;1319;187
120;1361;187
120;1179;184
120;1376;191
120;1118;204
120;1299;184
120;1138;192
120;1234;192
120;1212;186
120;1157;189
120;1179;195
120;1180;205
120;1168;186
120;1215;186
120;1207;193
120;1232;189
120;1212;204
120;1202;215
120;1271;186
120;1251;194
120;1263;196
120;1338;187
120;1179;194
120;1235;203
120;1170;189
120;1152;204
120;1254;191
120;1103;192
120;1185;183
130;1299;216
130;1381;207
130;1343;215
130;1326;212
130;1263;213
130;1400;214
130;1221;217
130;1378;221
130;1314;206
130;1280;224
130;1328;211
130;1361;209
130;1287;222
130;1328;212
130;1326;214
130;1247;217
130;1433;200
130;1413;214
130;1450;218
130;1235;214
130;1333;221
130;1255;222
130;1608;210
130;1322;197
130;1394;208
130;1346;216
130;1343;212
130;1344;211
130;1313;209
130;1340;206
130;1478;217
130;1388;212
130;1286;223
130;1352;213
130;1336;202
130;1456;220
130;1296;220
130;1258;215
130;1254;216
130;1258;216
130;1379;213
130;1322;216
130;1486;204
130;1321;217
130;1435;210
130;1340;193
130;1334;214
130;1458;214
130;1359;211
130;1431;212
130;1330;201
130;1273;214
130;1287;214
130;1243;217
130;1349;217
130;1480;205
130;1431;209
130;1470;214
130;1340;208
130;1410;202
130;1354;214
130;1488;200
130;1468;206
130;1289;225
130;1294;205
130;1399;214
130;1318;209
130;1246;212
130;1297;220
130;1346;228
130;1339;208
130;1335;220
130;1253;204
130;1333;214
130;1478;210
130;1485;224
130;1528;195
130;1379;214
130;1242;220
130;1338;211
130;1232;209
130;1333;221
130;1446;212
130;1393;206
130;1260;210
130;1354;214
130;1330;222
130;1324;221
130;1355;220
130;1269;222
130;1274;208
130;1324;225
130;1372;204
130;1388;209
130;1386;216
130;1399;215
130;1437;220
130;1344;218
130;1286;212
130;1319;211
140;1348;235
140;1302;226
140;1534;233
140;1403;230
140;1318;225
140;1439;219
140;1466;233
140;1415;248
140;1423;232
140;1591;218
140;1386;214
140;1458;241
140;1706;238
140;1400;224
140;1511;229
140;1483;245
140;1332;228
140;1429;227
140;1572;219
140;1718;218
140;1380;236
140;1382;242
140;1471;228
140;1415;246
140;1412;240
140;1453;230
140;1538;227
140;1402;225
140;1509;226
140;1462;225
140;1701;219
140;1431;228
140;1348;237
140;1594;224
140;1386;222
140;1383;230
140;1467;226
140;1442;233
140;1479;221
140;1406;240
140;1550;227
140;1420;237
140;1401;229
140;1398;236
140;1376;235
140;1361;248
140;1666;209
140;1438;221
140;1561;202
140;1392;230
140;1463;219
140;1534;224
140;1452;244
140;1538;225
140;1539;225
140;1603;221
140;1341;237
140;1510;217
140;1432;235
140;1382;228
140;1421;241
140;1400;239
140;1438;246
140;1377;240
140;1452;230
140;1767;232
140;1307;234
140;1347;240
140;1444;233
140;1441;229
140;1481;224
140;1405;224
140;1471;239
140;1455;223
140;1459;232
140;1645;227
140;1531;224
140;1513;222
140;1484;212
140;1541;224
140;1322;232
140;1571;228
140;1510;224
140;1344;223
140;1488;225
140;1439;217
140;1398;236
140;1327;239
140;1466;241
140;1359;248
140;1567;212
140;1588;236
140;1498;244
140;1449;238
140;1398;240
140;1474;226
140;1459;231
140;1375;223
140;1433;218
140;1515;236
150;1681;258
150;1584;252
150;1507;268
150;1502;239
150;1699;240
150;1607;270
150;1523;250
150;1524;249
150;1596;250
150;1540;268
150;1607;254
150;1708;257
150;1559;252
150;1581;251
150;1507;256
150;1548;252
150;1612;251
150;1562;261
150;1657;260
150;1581;259
150;1793;244
150;1756;231
150;1575;250
150;1564;256
150;1599;239
150;1494;253
150;1725;246
150;1583;250
150;1810;246
150;1524;262
150;1677;258
150;1517;251
150;1529;251
150;1598;250
150;1503;249
150;1457;257
150;1469;246
150;1548;258
150;1562;264
150;1628;248
150;1545;254
150;1680;230
150;1596;256
150;1643;259
150;1622;258
150;1652;248
150;1602;248
150;1602;242
150;1478;248
150;1599;264
150;1540;245
150;1725;249
150;1620;262
150;1529;257
150;1835;238
150;1611;262
150;1471;264
150;1567;241
150;1580;250
150;1593;250
150;1429;243
150;1710;247
150;1626;261
150;1717;256
150;1512;250
150;1510;239
150;1715;248
150;1619;245
150;1517;250
150;1613;241
150;1591;255
150;1907;256
150;1720;265
150;1553;239
150;1542;248
150;1569;265
150;1554;249
150;1555;264
150;1565;260
150;1686;220
150;1546;253
150;1747;253
150;1608;250
150;1488;271
150;1595;262
150;1547;247
150;1557;260
150;1520;240
150;1631;253
150;1594;250
150;1566;233
150;1547;246
150;1553;244
150;1593;244
150;1616;259
150;1543;260
150;1553;264
150;1593;272
150;1568;240
150;1618;243
160;1601;284
160;1625;262
160;1727;272
160;1783;269
160;1670;272
160;1739;269
160;1758;276
160;1780;275
160;1608;267
160;1807;260
160;1703;266
160;1964;265
160;1760;261
160;1743;282
160;1581;282
160;1650;268
160;1983;270
160;1697;272
160;1694;278
160;1654;277
160;1712;276
160;1741;274
160;1878;281
160;1582;273
160;1815;257
160;1654;290
160;1690;257
160;1777;286
160;1762;267
160;1666;286
160;1590;276
160;1708;260
160;1574;275
160;1808;266
160;1672;270
160;1724;275
160;1593;277
160;1729;271
160;1681;275
160;1682;281
160;1860;279
160;1790;272
160;1890;263
160;1741;290
160;1596;290
160;1713;278
160;1673;276
160;1699;274
160;1682;275
160;2011;275
160;1682;259
160;1608;266
160;2072;250
160;1634;265
160;1730;267
160;1630;275
160;1701;275
160;1701;265
160;1762;261
160;1754;271
160;1625;268
160;1648;277
160;1748;256
160;1715;273
160;1587;278
160;1716;249
160;1623;262
160;1575;263
160;1626;276
160;1712;270
160;1689;272
160;1781;266
160;1926;265
160;1677;282
160;1682;282
160;1741;267
160;1676;280
160;1671;271
160;1816;270
160;1779;272
160;1733;280
160;1738;258
160;1758;286
160;1744;277
160;1842;269
160;1749;259
160;1637;268
160;1676;274
160;1786;264
160;1665;274
160;1724;263
160;1794;283
160;1856;259
160;1674;287
160;1699;258
160;2002;286
160;1576;280
160;1779;274
160;1601;286
160;1652;261
170;1982;289
170;2014;293
170;1675;307
170;1715;319
170;1806;299
170;1731;302
170;1832;285
170;1695;287
170;1926;284
170;1729;299
170;1706;289
170;1752;307
170;1798;298
170;1921;300
170;1732;288
170;1775;283
170;1792;273
170;1741;286
170;1732;286
170;1890;291
170;1794;302
170;1909;300
170;1812;288
170;1715;294
170;1950;303
170;1720;302
170;1790;294
170;1818;284
170;1816;296
170;2045;274
170;1849;300
170;1827;284
170;1907;291
170;2054;293
170;1857;289
170;1998;297
170;1841;280
170;1745;291
170;1810;307
170;1897;290
170;1831;301
170;1753;310
170;1874;289
170;1715;297
170;1872;277
170;1830;284
170;1843;293
170;1733;300
170;1687;301
170;1816;296
170;1961;293
170;1795;309
170;1782;277
170;1948;302
170;1795;285
170;1740;294
170;1846;307
170;1976;298
170;1834;292
170;1801;306
170;1774;292
170;1814;302
170;1778;292
170;1821;288
170;1899;282
170;2151;284
170;2012;303
170;1859;296
170;1961;286
170;1850;284
170;1803;303
170;1780;303
170;1639;291
170;1858;294
170;1813;294
170;2026;298
170;1811;300
170;1836;284
170;1740;310
170;1726;295
170;1771;280
170;1773;302
170;1812;294
170;1839;292
170;1815;298
170;2028;279
170;1985;280
170;1727;308
170;1778;292
170;1853;294
170;2090;271
170;1828;295
170;1913;309
170;1795;294
170;1745;291
170;1917;293
170;1751;310
170;2070;296
170;2079;292
170;1748;314
180;2166;315
180;1881;321
180;2033;310
180;2015;324
180;1844;308
180;1977;301
180;2113;316
180;1962;328
180;2028;296
180;2044;315
180;1922;326
180;2417;312
180;1816;327
180;2062;314
180;2091;288
180;2118;305
180;2014;303
180;1890;308
180;1972;312
180;2047;322
180;1980;312
180;2019;315
180;2018;322
180;2081;301
180;2171;312
180;1903;317
180;2160;311
180;1962;319
180;1852;316
180;2072;309
180;1878;314
180;1988;309
180;1950;316
180;1985;308
180;1900;320
180;1835;321
180;1880;309
180;2086;311
180;2008;312
180;1889;317
180;1977;307
180;2063;314
180;2040;321
180;1984;308
180;1845;322
180;2154;312
180;2173;316
180;1967;315
180;1979;320
180;2153;306
180;1944;300
180;1868;314
180;1802;311
180;1973;311
180;1893;319
180;1934;308
180;1941;309
180;1902;321
180;1968;306
180;2127;322
180;1902;336
180;2144;315
180;1886;322
180;2165;299
180;1892;314
180;1997;322
180;2169;296
180;2017;318
180;2097;316
180;1810;312
180;2012;316
180;1893;306
180;2042;300
180;1961;320
180;1888;318
180;2118;306
180;1907;316
180;2118;320
180;1868;331
180;2127;312
180;1819;302
180;2086;323
180;1900;323
180;1993;307
180;2046;319
180;1983;298
180;1902;322
180;2079;307
180;2260;306
180;1897;319
180;1830;312
180;2031;312
180;1965;319
180;2066;319
180;1932;310
180;1906;301
180;2017;300
180;1843;333
180;1920;325
180;1860;302
190;2092;348
190;2004;345
190;2062;341
190;1972;328
190;1947;340
190;1983;334
190;2039;348
190;2432;336
190;1963;343
190;2183;318
190;1982;343
190;2014;329
190;2154;332
190;2237;324
190;1981;335
190;2389;336
190;2054;345
190;2032;344
190;1920;330
190;2034;326
190;2347;316
190;2211;340
190;2199;353
190;2153;342
190;2107;323
190;2001;320
190;2007;341
190;1978;353
190;2176;336
190;2130;337
190;2135;313
190;2097;331
190;2127;338
190;2165;328
190;2033;353
190;2280;342
190;2083;340
190;2086;346
190;2106;316
190;2021;341
190;1997;336
190;2062;341
190;1963;329
190;2004;339
190;2076;325
190;2141;331
190;2200;333
190;2120;336
190;2201;321
190;2099;331
190;2022;329
190;2208;323
190;2124;330
190;2279;336
190;2287;334
190;2013;340
190;2307;336
190;2145;334
190;2169;335
190;2023;334
190;2099;332
190;2256;324
190;2098;335
190;2163;333
190;1969;344
190;2111;337
190;2289;342
190;2333;318
190;2029;357
190;2065;336
190;2221;326
190;2140;335
190;2160;322
190;2292;325
190;2087;347
190;2024;340
190;2102;343
190;2087;335
190;2173;307
190;2155;335
190;2172;324
190;2109;333
190;2044;340
190;2237;331
190;1930;356
190;2159;318
190;2043;349
190;2142;332
190;2067;339
190;2179;322
190;2201;348
190;2106;329
190;2028;346
190;2087;331
190;1981;336
190;1959;333
190;2289;334
190;2047;331
190;2153;331
190;1975;332
200;2189;358
200;2265;350
200;2414;337
200;2025;360
200;2196;350
200;2186;373
200;2157;356
200;2225;344
200;2395;364
200;2609;344
200;2310;345
200;2136;355
200;2227;355
200;2450;353
200;2279;363
200;2169;368
200;2098;358
200;2109;361
200;2138;368
200;2317;348
200;2180;337
200;2181;364
200;2261;370
200;2171;339
200;2401;367
200;2529;334
200;2191;352
200;2226;352
200;2253;372
200;2273;353
200;2078;355
200;2134;342
200;2277;374
200;2324;336
200;2156;375
200;2169;368
200;2238;363
200;2138;358
200;2303;350
200;2426;352
200;2137;375
200;2217;350
200;2342;354
200;2129;356
200;2145;364
200;2376;342
200;2462;352
200;2382;356
200;2133;350
200;2306;351
200;2265;349
200;2225;349
200;2268;354
200;2220;363
200;2314;360
200;2313;368
200;2239;342
200;2215;353
200;2386;368
200;2114;368
200;2088;366
200;2122;365
200;2112;372
200;2136;345
200;2452;345
200;2438;353
200;2137;357
200;2370;361
200;2320;365
200;2210;356
200;2312;358
200;2224;327
200;2241;355
200;2300;361
200;2293;350
200;2165;358
200;2178;341
200;2230;355
200;2363;355
200;2269;364
200;2354;370
200;2524;345
200;2315;361
200;2699;346
200;2289;344
200;2284;348
200;2300;352
200;2095;369
200;2291;362
200;2173;357
200;2134;360
200;2127;347
200;2356;352
200;2173;349
200;2129;349
200;2294;357
200;2302;355
200;2374;341
200;2178;352
200;2236;351
1000;14435;2276
1000;15618;2288
1000;13968;2352
1000;14195;2292
1000;14965;2282
1000;15184;2314
1000;13814;2349
1000;13790;2280
1000;13337;2365
1000;14332;2337
1000;15093;2267
1000;14951;2298
1000;15176;2303
1000;14721;2340
1000;14662;2328
1000;13916;2348
1000;13809;2336
1000;14023;2320
1000;14347;2305
1000;13731;2306
1000;16322;2230
1000;13979;2289
1000;13980;2331
1000;14830;2305
1000;13660;2297
1000;15393;2272
1000;15197;2253
1000;14247;2340
1000;13680;2358
1000;15236;2305
1000;14124;2323
1000;13904;2343
1000;14824;2316
1000;13861;2300
1000;14684;2296
1000;13808;2323
1000;14912;2341
1000;14200;2336
1000;14805;2295
1000;13865;2292
1000;13376;2286
1000;15712;2285
1000;13723;2313
1000;14972;2315
1000;13839;2345
1000;14211;2326
1000;14262;2322
1000;13796;2344
1000;13869;2310
1000;14912;2337
1000;13703;2321
1000;14351;2332
1000;15337;2278
1000;13715;2279
1000;14123;2383
1000;14514;2310
1000;14438;2312
1000;14383;2313
1000;14635;2286
1000;15810;2312
1000;14083;2300
1000;14325;2243
1000;13875;2299
1000;13554;2310
1000;15140;2267
1000;14255;2367
1000;14066;2330
1000;14681;2277
1000;14731;2339
1000;14039;2316
1000;14671;2354
1000;13867;2350
1000;14681;2280
1000;13923;2325
1000;14878;2260
1000;13945;2320
1000;14771;2327
1000;15490;2302
1000;13882;2311
1000;14153;2278
1000;16691;2258
1000;14501;2271
1000;15762;2329
1000;14047;2363
1000;15417;2255
1000;14436;2306
1000;15559;2300
1000;14681;2269
1000;14210;2274
1000;14413;2316
1000;13963;2306
1000;15198;2270
1000;14605;2311
1000;13679;2329
1000;14539;2335
1000;13896;2378
1000;14938;2285
1000;15076;2302
1000;14320;2302
1000;13775;2337
2000;31779;5105
2000;31979;5042
2000;33533;5022
2000;30973;5085
2000;30828;5154
2000;33739;4951
2000;31432;5101
2000;32430;5019
2000;31910;5062
2000;32214;5044
2000;31183;5159
2000;30556;5120
2000;32746;4992
2000;33376;4943
2000;31000;5102
2000;34148;4974
2000;31275;5099
2000;31539;5088
2000;33603;4948
2000;30574;5072
2000;31939;5099
2000;32319;5095
2000;32819;5056
2000;31266;5062
2000;32279;5069
2000;31481;5119
2000;32847;5076
2000;33201;4970
2000;31757;5075
2000;30625;5090
2000;31497;5096
2000;32097;5115
2000;31983;5138
2000;30954;5123
2000;33600;5118
2000;30615;5105
2000;31887;5056
2000;30818;5096
2000;33579;5003
2000;31312;5032
2000;30182;5190
2000;30561;5070
2000;31130;5128
2000;30480;5078
2000;32077;5047
2000;32051;5088
2000;30068;5162
2000;32935;5129
2000;34109;5046
2000;32497;5097
2000;32140;5068
2000;31032;5051
2000;31701;5006
2000;33546;4946
2000;31831;5083
2000;30938;5112
2000;29796;5166
2000;31604;5113
2000;33964;5002
2000;32367;4967
2000;30632;5122
2000;31136;5133
2000;31569;5038
2000;31492;5073
2000;29774;5141
2000;30994;5147
2000;32859;5101
2000;30653;5082
2000;31848;5081
2000;30467;5106
2000;30758;5123
2000;31141;5107
2000;31412;5063
2000;33062;5032
2000;30313;5105
2000;31897;5100
2000;32104;5023
2000;30506;5082
2000;31761;5043
2000;33885;5028
2000;30829;5089
2000;32164;5054
2000;31348;5138
2000;33385;5032
2000;31609;5076
2000;30597;5076
2000;30987;5109
2000;32113;5011
2000;30688;5084
2000;30617;5132
2000;30472;5154
2000;31346;5099
2000;31327;5130
2000;32976;5054
2000;30437;5084
2000;32297;5040
2000;31693;5132
2000;30563;5163
2000;32604;5128
2000;30926;5129
3000;49891;7915
3000;50377;8054
3000;50528;7973
3000;53651;7924
3000;50610;8033
3000;48445;8105
3000;48939;8015
3000;48601;8085
3000;47700;8097
3000;48385;8113
3000;50241;8042
3000;48921;8060
3000;48758;8038
3000;49518;7956
3000;48092;8134
3000;47814;8098
3000;48030;8129
3000;46372;8129
3000;47260;8139
3000;50751;7956
3000;47939;8030
3000;48531;8060
3000;48165;8045
3000;51450;8057
3000;51079;7935
3000;48680;8055
3000;48969;8088
3000;50180;7985
3000;48321;8091
3000;48445;8060
3000;49025;7995
3000;50914;7938
3000;48120;8105
3000;47267;8197
3000;49485;8142
3000;48788;8022
3000;47832;8092
3000;51614;8034
3000;49399;8044
3000;46903;8133
3000;50889;7887
3000;49789;8008
3000;50519;8058
3000;48678;7984
3000;52684;8047
3000;49085;7987
3000;50672;7964
3000;47493;8183
3000;54477;7900
3000;46814;8096
3000;48503;8118
3000;50355;8044
3000;49133;8104
3000;48849;8015
3000;52946;8034
3000;48616;8066
3000;46440;8146
3000;49680;7968
3000;54984;7881
3000;47608;8054
3000;48631;8070
3000;49206;8088
3000;51778;7861
3000;49183;8054
3000;58598;7944
3000;48955;8122
3000;47038;8122
3000;49741;7998
3000;47860;8094
3000;49216;8040
3000;47854;8178
3000;49916;7978
3000;53338;7973
3000;48459;8114
3000;49658;8103
3000;47905;8130
3000;50032;8041
3000;48266;8042
3000;47539;8060
3000;49372;7989
3000;46975;8095
3000;50086;7989
3000;49236;8075
3000;53672;7989
3000;48996;8140
3000;51675;8027
3000;47888;8115
3000;49684;8187
3000;49317;8106
3000;54585;7944
3000;47464;8132
3000;50273;7938
3000;52303;7915
3000;48969;8009
3000;48859;8027
3000;56008;7782
3000;48576;8118
3000;47956;8118
3000;49245;8088
3000;51215;8049
4000;66356;11194
4000;77280;10911
4000;67733;11250
4000;70501;11046
4000;69015;11073
4000;70476;11224
4000;69423;11033
4000;69975;11088
4000;67082;11116
4000;67972;11136
4000;70492;11129
4000;69577;10994
4000;67969;11040
4000;69740;10939
4000;69093;11018
4000;68790;11013
4000;67622;11114
4000;66222;11230
4000;70397;10964
4000;66735;11202
4000;70238;11113
4000;69253;11046
4000;68450;11119
4000;70014;11173
4000;68907;11104
4000;67439;11122
4000;68102;11212
4000;71692;11073
4000;67520;11062
4000;65415;11170
4000;69740;11004
4000;67470;11159
4000;74284;10876
4000;73419;11104
4000;71230;10946
4000;67475;11104
4000;67575;11138
4000;66291;11134
4000;72607;10936
4000;64110;11227
4000;69288;11009
4000;70307;11059
4000;68553;11136
4000;71086;11096
4000;66702;11211
4000;66798;11160
4000;68914;11208
4000;67249;11102
4000;70795;11054
4000;65827;11151
4000;71991;10932
4000;69111;10980
4000;67016;11062
4000;66207;11199
4000;64637;11322
4000;67506;11112
4000;68333;11134
4000;65721;11166
4000;67463;11174
4000;71187;11179
4000;67615;11112
4000;74182;10930
4000;70114;11096
4000;68384;11142
4000;71171;10932
4000;67181;11065
4000;67259;11142
4000;68619;11136
4000;67738;11214
4000;69418;11171
4000;64596;11214
4000;66055;11102
4000;68064;11283
4000;66569;11242
4000;70671;11062
4000;66912;11304
4000;66902;11157
4000;72999;11014
4000;65678;11172
4000;65691;11134
4000;65457;11175
4000;66978;11184
4000;70395;11076
4000;69552;11094
4000;68067;11158
4000;71670;10930
4000;70601;11021
4000;67129;11274
4000;65363;11218
4000;65823;11306
4000;65972;11237
4000;71130;11032
4000;69056;11043
4000;68991;11206
4000;67688;11062
4000;68686;11045
4000;68869;11062
4000;74570;10888
4000;75515;10980
4000;68338;11029
5000;84902;14330
5000;86585;14284
5000;87040;14328
5000;85098;14444
5000;89821;14124
5000;84718;14429
5000;85968;14194
5000;84335;14306
5000;88704;14080
5000;94890;14057
5000;87639;14349
5000;88200;14227
5000;90134;14126
5000;85996;14264
5000;94606;13949
5000;87419;14328
5000;84922;14364
5000;86983;14102
5000;85554;14308
5000;87109;14354
5000;88734;14183
5000;87514;14106
5000;94829;13919
5000;90070;13953
5000;84679;14407
5000;86817;14247
5000;87352;14238
5000;86418;14296
5000;91680;14104
5000;91913;14102
5000;92632;14036
5000;93529;14001
5000;82762;14403
5000;84984;14385
5000;88760;14095
5000;85680;14340
5000;85232;14315
5000;91566;14208
5000;86732;14209
5000;92000;14091
5000;82204;14514
5000;84949;14412
5000;89745;14130
5000;88364;14160
5000;82677;14399
5000;87790;14244
5000;88907;14256
5000;88291;14305
5000;84857;14318
5000;91007;14024
5000;87141;14318
5000;89957;14173
5000;87318;14268
5000;94995;14135
5000;84203;14354
5000;91063;13933
5000;91141;14188
5000;89935;14150
5000;85881;14264
5000;85729;14358
5000;91759;14152
5000;86415;14309
5000;84721;14337
5000;89192;14212
5000;91476;14166
5000;87684;14370
5000;90768;14007
5000;89144;14194
5000;88108;14271
5000;98570;13972
5000;90124;14093
5000;87931;14353
5000;87928;14127
5000;84319;14341
5000;87616;14176
5000;88092;14262
5000;85352;14493
5000;89682;14202
5000;85943;14312
5000;87083;14296
5000;87960;14138
5000;89859;14256
5000;87773;14099
5000;86159;14282
5000;87868;14321
5000;88088;14177
5000;88876;14076
5000;89327;14405
5000;88769;14075
5000;86009;14363
5000;93409;14189
5000;84588;14396
5000;87169;14146
5000;84513;14351
5000;90818;14288
5000;84888;14345
5000;89785;14262
5000;94276;14027
5000;83711;14396
5000;86547;14380
6000;102373;17668
6000;109508;17378
6000;106382;17492
6000;105196;17478
6000;107110;17398
6000;107817;17426
6000;109620;17446
6000;107432;17351
6000;105474;17547
6000;118156;17243
6000;112912;17159
6000;108207;17589
6000;105576;17574
6000;111655;17388
6000;110355;17393
6000;106291;17455
6000;108483;17405
6000;110537;17242
6000;113378;17214
6000;108999;17404
6000;106557;17507
6000;116651;17131
6000;109179;17441
6000;120036;17364
6000;113802;17374
6000;104523;17658
6000;109947;17394
6000;107235;17326
6000;109696;17224
6000;107549;17378
6000;110766;17387
6000;111204;17329
6000;106730;17531
6000;111205;17255
6000;103437;17598
6000;108491;17321
6000;112454;17223
6000;110627;17373
6000;110473;17265
6000;125258;16921
6000;104033;17630
6000;108185;17460
6000;107213;17442
6000;103679;17733
6000;109731;17259
6000;106581;17535
6000;106099;17423
6000;104205;17560
6000;105808;17562
6000;109436;17343
6000;102689;17698
6000;109872;17439
6000;105689;17554
6000;104663;17556
6000;104997;17518
6000;103826;17558
6000;106504;17496
6000;116665;17005
6000;114562;17247
6000;109288;17344
6000;115099;17338
6000;109360;17236
6000;106550;17473
6000;107532;17472
6000;103356;17600
6000;102200;17576
6000;110464;17444
6000;109291;17247
6000;113184;17489
6000;111181;17224
6000;103995;17500
6000;104689;17437
6000;115694;17202
6000;105096;17534
6000;105966;17620
6000;115744;17246
6000;110516;17396
6000;106415;17421
6000;107385;17456
6000;104696;17510
6000;108141;17372
6000;113258;17450
6000;103689;17569
6000;103913;17604
6000;105283;17572
6000;110096;17412
6000;106275;17580
6000;111473;17366
6000;101396;17662
6000;113265;17256
6000;107380;17360
6000;107563;17714
6000;104962;17605
6000;112739;17206
6000;108103;17504
6000;106754;17656
6000;107463;17332
6000;104287;17632
6000;105413;17511
6000;110384;17360
7000;130977;20557
7000;131021;20693
7000;132627;20646
7000;124160;20767
7000;122055;20986
7000;130856;20659
7000;122106;20998
7000;130128;20744
7000;130662;20534
7000;136005;20399
7000;126127;20736
7000;124105;20676
7000;129528;20635
7000;123785;20795
7000;122977;20901
7000;130446;20534
7000;129237;20489
7000;122676;20835
7000;123095;20892
7000;121251;20895
7000;121128;20897
7000;123502;20926
7000;125790;20691
7000;127929;20543
7000;134223;20530
7000;125628;20795
7000;132464;20596
7000;124006;20770
7000;137506;20426
7000;127819;20793
7000;121125;20968
7000;124820;20910
7000;122376;20830
7000;134626;20642
7000;123983;20806
7000;133842;20624
7000;138644;20637
7000;126931;20858
7000;126404;20735
7000;122405;20982
7000;131753;20703
7000;123045;20674
7000;129641;20807
7000;128144;20724
7000;126008;20811
7000;127403;20692
7000;132934;20483
7000;129440;20703
7000;130804;20486
7000;130753;20538
7000;134402;20396
7000;126275;20720
7000;135791;20452
7000;140145;20511
7000;128466;20651
7000;126224;20565
7000;143988;20364
7000;133018;20572
7000;128186;20690
7000;129844;20759
7000;124933;20885
7000;123051;21020
7000;123038;20998
7000;122874;20855
7000;135344;20555
7000;123822;20813
7000;131739;20610
7000;132363;20665
7000;121357;20793
7000;135151;20467
7000;129762;20638
7000;122248;21026
7000;126956;20938
7000;135305;20526
7000;125839;20812
7000;122618;20780
7000;129232;20701
7000;122028;20958
7000;132021;20685
7000;125884;20802
7000;134301;20596
7000;123371;20910
7000;128742;20543
7000;129174;20616
7000;127676;20739
7000;127692;20685
7000;127509;20614
7000;132567;20640
7000;126137;20753
7000;135088;20605
7000;130536;20672
7000;124764;20858
7000;124864;20764
7000;124592;20736
7000;127289;20595
7000;129327;20706
7000;127223;20690
7000;127928;20842
7000;122963;20955
7000;123860;20939
8000;147290;24136
8000;143912;24203
8000;150818;23842
8000;148231;24113
8000;159068;23797
8000;149758;24138
8000;152621;23780
8000;147770;24210
8000;151072;23990
8000;142842;24282
8000;143724;24176
8000;149557;23991
8000;147862;24125
8000;143157;24200
8000;149302;24018
8000;155066;23659
8000;146962;24040
8000;150485;24036
8000;146589;24110
8000;141161;24140
8000;142687;24401
8000;143556;24255
8000;148786;24014
8000;156923;23674
8000;151680;23964
8000;140424;24278
8000;146233;24152
8000;146555;23990
8000;146016;24270
8000;150654;24166
8000;150558;24201
8000;145818;24188
8000;148045;24073
8000;147212;24088
8000;147548;23916
8000;150126;24079
8000;143462;24279
8000;149473;24046
8000;151595;23958
8000;150547;24076
8000;148146;23889
8000;145994;23938
8000;143764;24272
8000;160186;23832
8000;150414;24024
8000;151344;23961
8000;145550;24281
8000;143345;24187
8000;151960;23815
8000;140415;24296
8000;145520;24048
8000;150386;24037
8000;141720;24395
8000;144527;24169
8000;154138;23975
8000;143353;24215
8000;152458;23960
8000;150061;23892
8000;150031;24037
8000;153849;23897
8000;140488;24379
8000;149623;24185
8000;154074;24269
8000;152067;23778
8000;147938;24043
8000;151097;23940
8000;172173;23397
8000;148835;24131
8000;143607;24110
8000;147954;24032
8000;150147;23836
8000;154166;23813
8000;156330;23892
8000;174953;23376
8000;151419;24000
8000;154073;23612
8000;160564;24030
8000;147908;24270
8000;146647;24278
8000;147971;23970
8000;147617;24221
8000;152426;23751
8000;155166;23825
8000;158935;23607
8000;156181;24002
8000;144643;24256
8000;144111;24084
8000;151528;23710
8000;148610;24026
8000;158395;23683
8000;151834;23824
8000;146775;23844
8000;148597;23823
8000;154557;23848
8000;144647;24127
8000;143382;24016
8000;141694;24292
8000;147744;24223
8000;145199;24285
8000;146903;23873
9000;174948;27381
9000;172723;27297
9000;171997;27418
9000;175584;27234
9000;163717;27527
9000;168878;27293
9000;173701;27189
9000;181249;26925
9000;170541;27500
9000;168512;27124
9000;172672;27242
9000;169101;27414
9000;178757;26977
9000;164979;27616
9000;170848;27301
9000;174053;27169
9000;163212;27550
9000;172434;27144
9000;160677;27556
9000;171496;27274
9000;171533;27424
9000;173086;26976
9000;170353;27435
9000;165199;27466
9000;179382;26995
9000;166315;27258
9000;166487;27814
9000;188689;26974
9000;172265;27329
9000;173805;27344
9000;166373;27490
9000;176373;26902
9000;167264;27496
9000;163910;27520
9000;164916;27594
9000;172906;27305
9000;166631;27472
9000;167536;27646
9000;163628;27636
9000;169591;27388
9000;167589;27358
9000;176017;27154
9000;173087;27199
9000;176069;27271
9000;162099;27533
9000;173056;27038
9000;176331;27014
9000;181487;27026
9000;170885;27392
9000;171406;27220
9000;174097;27061
9000;164331;27568
9000;177370;26896
9000;165546;27456
9000;168637;27380
9000;168249;27295
9000;171185;27364
9000;180903;26816
9000;165766;27533
9000;167225;27544
9000;168379;27426
9000;171659;27185
9000;169415;27327
9000;162578;27463
9000;163812;27645
9000;177130;27431
9000;176274;27222
9000;167210;27278
9000;168401;27365
9000;165355;27225
9000;182641;27016
9000;165039;27513
9000;165628;27474
9000;161808;27502
9000;170891;27385
9000;162269;27704
9000;163264;27491
9000;172951;27282
9000;170709;27251
9000;170392;27614
9000;172422;27350
9000;162957;27635
9000;184973;27084
9000;166457;27641
9000;181773;27052
9000;163910;27553
9000;164255;27426
9000;166091;27707
9000;177631;26797
9000;164219;27493
9000;167687;27407
9000;173676;27176
9000;163402;27484
9000;168587;27491
9000;159916;27819
9000;167713;27436
9000;173909;27231
9000;164562;27575
9000;178062;27039
9000;161266;27658
10000;185667;30964
10000;189111;30677
10000;187650;30944
10000;195309;30654
10000;192627;30624
10000;187100;30777
10000;181566;31337
10000;180541;31118
10000;185929;30856
10000;211401;29895
10000;190652;30598
10000;190901;30679
10000;188429;30733
10000;189120;30615
10000;204818;30716
10000;184767;31015
10000;196272;30659
10000;184687;30903
10000;189363;30793
10000;193396;30679
10000;198467;30581
10000;192975;30836
10000;188799;30780
10000;188299;30758
10000;203455;30210
10000;185066;30942
10000;187878;30832
10000;184256;30829
10000;193852;30656
10000;203408;30275
10000;196106;30648
10000;187778;30890
10000;190788;30850
10000;194222;30560
10000;183384;31112
10000;182320;30975
10000;192351;30728
10000;205300;30133
10000;189512;30807
10000;201374;30674
10000;181141;31042
10000;194245;30401
10000;187499;30719
10000;185979;30948
10000;185137;31184
10000;184220;30713
10000;192277;30804
10000;185562;30781
10000;192443;30575
10000;196652;30347
10000;200818;30401
10000;192229;30506
10000;188087;30746
10000;190670;30823
10000;196386;30471
10000;192316;30844
10000;191448;30727
10000;183554;31046
10000;184060;30977
10000;200274;30665
10000;187160;30639
10000;191745;30668
10000;192889;30508
10000;187236;30710
10000;186964;30778
10000;190747;30994
10000;189922;30535
10000;197066;30836
10000;187120;30867
10000;180760;31117
10000;188673;31086
10000;184445;30927
10000;188701;30749
10000;201425;30601
10000;190573;30619
10000;187112;30874
10000;188656;30794
10000;185430;30818
10000;184106;30940
10000;186552;30641
10000;185805;31152
10000;188467;31104
10000;194879;30293
10000;187345;30894
10000;185459;30926
10000;187573;30600
10000;191413;30820
10000;185414;30910
10000;200058;30495
10000;183881;30881
10000;191536;30710
10000;183827;30884
10000;183218;31010
10000;182953;31009
10000;197281;30218
10000;184139;30963
10000;189672;30704
10000;194762;30550
10000;191083;31101
10000;191491;30691
11000;203027;34381
11000;222466;33854
11000;207172;34452
11000;231494;33363
11000;201338;34558
11000;201741;34640
11000;199474;34590
11000;205011;34440
11000;208614;34340
11000;214588;33965
11000;202333;34450
11000;209084;34066
11000;203864;34395
11000;211968;34225
11000;229995;33976
11000;211298;34115
11000;206499;34466
11000;221343;34045
11000;206165;34289
11000;207207;34049
11000;216324;34188
11000;205837;34264
11000;215265;33824
11000;208140;34251
11000;212457;34297
11000;221854;33820
11000;213662;34243
11000;227798;33550
11000;204354;34356
11000;210289;34191
11000;224110;34138
11000;210755;34463
11000;208408;34199
11000;217086;33973
11000;205239;34564
11000;206588;34620
11000;208693;34329
11000;203938;34582
11000;213612;34269
11000;202965;34474
11000;206481;34308
11000;227380;33855
11000;206038;34331
11000;208491;34568
11000;209025;34294
11000;214238;34219
11000;215045;33819
11000;210761;34244
11000;207570;34053
11000;208900;34124
11000;215282;34041
11000;208506;34180
11000;217739;33974
11000;213708;34086
11000;215553;34168
11000;202522;34503
11000;200913;34635
11000;213432;34107
11000;212573;34252
11000;214951;34003
11000;206991;34340
11000;209367;34198
11000;208030;34396
11000;205571;34162
11000;219519;33862
11000;217148;34163
11000;206704;34241
11000;217654;34270
11000;202238;34336
11000;203370;34424
11000;217478;34047
11000;214699;34077
11000;219846;33796
11000;210020;34166
11000;211855;34377
11000;204118;34364
11000;215613;33942
11000;207365;34278
11000;208461;34220
11000;218028;33929
11000;214167;34188
11000;208304;34397
11000;209702;34425
11000;208421;34328
11000;216442;33821
11000;220631;33733
11000;204503;34520
11000;210480;34212
11000;209323;33946
11000;209408;34173
11000;209805;34450
11000;209444;34036
11000;213350;34330
11000;211561;34206
11000;199677;34832
11000;216027;34440
11000;215601;34027
11000;215705;33930
11000;207257;34483
11000;213993;34152
12000;229234;37620
12000;234701;37464
12000;228620;37722
12000;228763;37978
12000;224241;37920
12000;226551;37920
12000;217200;38449
12000;225714;38046
12000;228732;37695
12000;247419;37354
12000;231431;37548
12000;232997;37712
12000;232916;37592
12000;233775;37535
12000;231046;37630
12000;248992;37488
12000;227252;38085
12000;224427;38054
12000;219250;38137
12000;229590;37734
12000;229934;37772
12000;231650;37651
12000;228253;37800
12000;233113;37532
12000;245041;37349
12000;239843;37333
12000;227885;37702
12000;223953;38004
12000;220910;37974
12000;232785;37841
12000;236691;37615
12000;250946;37106
12000;225111;37988
12000;225031;37924
12000;224694;37759
12000;232598;37646
12000;228285;37901
12000;254528;37172
12000;226542;37910
12000;228159;37919
12000;231583;37733
12000;230210;37526
12000;226057;37994
12000;233749;37414
12000;238534;37159
12000;238985;37549
12000;224278;37971
12000;224957;37999
12000;224919;37815
12000;235932;37538
12000;224422;37856
12000;232054;37407
12000;227195;37811
12000;229407;37832
12000;242553;37793
12000;233199;37708
12000;233765;37447
12000;242331;37096
12000;236096;37262
12000;228151;37525
12000;235373;37364
12000;227992;37766
12000;229389;37655
12000;236247;37941
12000;243228;37568
12000;239560;37709
12000;237865;37744
12000;219468;38174
12000;231705;37691
12000;238533;37583
12000;221534;38207
12000;242101;37311
12000;238206;37468
12000;252144;36987
12000;230194;37704
12000;237692;37440
12000;225606;38074
12000;239555;37665
12000;221463;38072
12000;222031;38030
12000;230905;37592
12000;218569;38116
12000;230248;37801
12000;247159;37342
12000;233229;37671
12000;229161;37933
12000;232408;37628
12000;228274;37826
12000;243244;37608
12000;230400;37665
12000;229387;37809
12000;245373;37170
12000;231066;37627
12000;228222;37672
12000;232903;37654
12000;225074;37985
12000;233452;37566
12000;227709;37845
12000;228959;37609
12000;218367;38274
13000;263185;40760
13000;253075;41314
13000;248532;41324
13000;267984;40553
13000;259351;40794
13000;253647;41230
13000;242048;41515
13000;251183;41189
13000;260611;40976
13000;255452;41052
13000;243125;41408
13000;263159;41312
13000;264153;40679
13000;266107;41017
13000;257452;41059
13000;267938;40970
13000;247973;41481
13000;247477;41163
13000;248120;41402
13000;259452;41279
13000;267561;41094
13000;242998;41762
13000;268023;40814
13000;251693;40974
13000;254494;41025
13000;242058;41654
13000;248264;41517
13000;264028;40855
13000;254349;41200
13000;250761;41006
13000;247939;41444
13000;263139;40782
13000;254069;41350
13000;255428;40973
13000;261406;40989
13000;253118;41071
13000;256839;40995
13000;240242;41586
13000;253727;40981
13000;275420;40631
13000;247675;41240
13000;275364;40552
13000;256701;40917
13000;244731;41535
13000;245932;41434
13000;258241;40895
13000;259321;40973
13000;260241;40942
13000;247373;41674
13000;259324;40947
13000;256062;40750
13000;255283;41270
13000;246358;41347
13000;250605;41140
13000;255000;41198
13000;250313;41238
13000;244670;41417
13000;253209;41105
13000;244354;41534
13000;259452;40890
13000;269492;40846
13000;248206;41343
13000;260408;40792
13000;250393;41216
13000;248343;41335
13000;251979;41381
13000;253994;40963
13000;259096;41038
13000;258982;40805
13000;250607;41355
13000;257746;40977
13000;259740;40834
13000;267399;40479
13000;241248;41388
13000;282474;40684
13000;256167;41050
13000;249885;41270
13000;247280;41281
13000;256525;41144
13000;241460;41681
13000;268280;40680
13000;252217;41144
13000;248774;41370
13000;258479;40892
13000;282382;40614
13000;247538;41389
13000;249215;41388
13000;251297;41326
13000;258190;40931
13000;262327;41292
13000;250933;40856
13000;249975;41491
13000;250459;41352
13000;254063;41100
13000;262870;40940
13000;269255;41036
13000;260005;40864
13000;246341;41362
13000;260172;41186
13000;256961;41491
14000;293434;43611
14000;265146;44835
14000;259904;45163
14000;284913;43992
14000;267040;44944
14000;275598;44644
14000;279581;44276
14000;271813;44668
14000;277583;44345
14000;286721;44518
14000;273822;44566
14000;268579;44695
14000;279061;44453
14000;288278;44412
14000;291458;44258
14000;259514;45111
14000;273817;44571
14000;258301;45334
14000;279119;44449
14000;276005;44673
14000;278245;44635
14000;268371;45122
14000;267472;44809
14000;275976;44550
14000;287494;44219
14000;288474;44343
14000;290302;44138
14000;297829;44096
14000;277559;44976
14000;275908;44776
14000;261436;45260
14000;277307;44616
14000;270453;44599
14000;267400;44824
14000;270360;44746
14000;267138;45022
14000;293324;43798
14000;283730;44350
14000;298528;43659
14000;281489;44919
14000;297107;43914
14000;270862;45067
14000;274488;44616
14000;265536;44869
14000;276075;44647
14000;290747;44373
14000;277260;44424
14000;268716;44721
14000;282969;44414
14000;282028;44189
14000;283439;44619
14000;296130;44577
14000;284082;44245
14000;275991;44529
14000;273992;44633
14000;285973;44322
14000;282917;44622
14000;268622;44974
14000;283748;44467
14000;268002;45076
14000;270623;44832
14000;285043;44584
14000;280443;44427
14000;273471;44624
14000;269704;44771
14000;284358;44225
14000;277942;44557
14000;281194;44637
14000;265977;44964
14000;275274;44895
14000;279603;44622
14000;279669;44978
14000;270185;45169
14000;275814;44605
14000;276613;44645
14000;302379;44112
14000;271609;44618
14000;264811;44908
14000;281953;44651
14000;274282;44749
14000;295808;44352
14000;286002;44044
14000;267811;45021
14000;279251;44470
14000;280261;44278
14000;270461;44683
14000;272949;44711
14000;288338;44297
14000;266031;44956
14000;277698;44803
14000;278176;44628
14000;279905;44630
14000;268911;44622
14000;270925;44740
14000;305909;43542
14000;277483;44479
14000;289682;44220
14000;273445;44509
14000;270175;44847
14000;268875;44850
15000;281157;49010
15000;289551;48380
15000;278692;48772
15000;286851;48656
15000;290945;48249
15000;295186;47956
15000;299926;47830
15000;317245;47419
15000;300726;48482
15000;288403;48394
15000;306395;47702
15000;291807;48472
15000;311936;47794
15000;296776;48317
15000;309409;48208
15000;291981;48330
15000;299342;47921
15000;316936;47576
15000;295575;48134
15000;293309;48414
15000;294833;47948
15000;296633;47994
15000;298332;47841
15000;305995;47908
15000;291196;48493
15000;296355;48524
15000;309515;47717
15000;290547;48623
15000;303286;47900
15000;301468;48065
15000;296845;48053
15000;294514;48108
15000;302045;47907
15000;314756;47711
15000;295699;47995
15000;290183;48319
15000;296247;48024
15000;287653;48567
15000;290753;48327
15000;287774;48579
15000;329456;47311
15000;291825;48277
15000;300543;48244
15000;299293;48268
15000;300264;48376
15000;294995;48461
15000;288472;48287
15000;287595;48486
15000;293405;48390
15000;282757;49058
15000;302826;48548
15000;301536;48158
15000;282893;48697
15000;306955;47640
15000;281273;48792
15000;285147;48574
15000;304893;47782
15000;304139;47626
15000;290595;48360
15000;295974;48365
15000;288287;48405
15000;300642;48127
15000;288434;48605
15000;288394;48524
15000;307391;47665
15000;310981;47572
15000;300079;47968
15000;303097;47971
15000;289357;48616
15000;294540;48287
15000;296021;48000
15000;301282;47765
15000;326893;47510
15000;300165;48004
15000;293767;48308
15000;311209;47942
15000;304539;47691
15000;285693;48540
15000;292980;48482
15000;297260;48080
15000;305891;47836
15000;307131;47588
15000;292628;48684
15000;303376;48294
15000;298188;48014
15000;283871;48549
15000;288447;48494
15000;284454;48731
15000;300601;48117
15000;301614;47941
15000;289641;48337
15000;285347;48726
15000;296346;48461
15000;294466;48466
15000;300272;48292
15000;316371;47767
15000;290307;48262
15000;307537;47985
15000;301571;48201
15000;294978;48645
16000;308820;52267
16000;331757;51475
16000;324216;51649
16000;337063;50812
16000;311319;52028
16000;329739;51300
16000;321293;51705
16000;322014;52023
16000;324403;51642
16000;324348;51282
16000;316650;51642
16000;321517;51905
16000;317453;51672
16000;316156;51863
16000;325341;51700
16000;331699;51856
16000;317908;52110
16000;318156;51986
16000;327456;51354
16000;321938;51452
16000;310407;52287
16000;315734;52034
16000;301646;52101
16000;309741;52120
16000;339985;51178
16000;345559;51284
16000;317223;51588
16000;313229;51735
16000;306162;52326
16000;316673;51725
16000;315281;51991
16000;324663;51740
16000;324635;51447
16000;309049;51848
16000;323487;51830
16000;307296;52286
16000;334919;51271
16000;312009;52218
16000;351934;51034
16000;328643;51346
16000;317509;51695
16000;335692;51207
16000;312446;51791
16000;311819;51958
16000;319043;52126
16000;310087;51939
16000;317991;51408
16000;318142;51625
16000;309148;52060
16000;322089;51912
16000;331378;51440
16000;309735;52300
16000;329277;51426
16000;323402;51906
16000;307022;52248
16000;315007;51877
16000;348398;50928
16000;309553;51945
16000;344834;51107
16000;334663;51123
16000;322256;51667
16000;314448;52007
16000;328796;50974
16000;315465;52064
16000;308886;52239
16000;316711;51805
16000;313723;51927
16000;336373;51168
16000;316864;51494
16000;313946;51729
16000;312951;52028
16000;332668;51452
16000;321417;51759
16000;323466;51660
16000;335293;51376
16000;326059;51493
16000;309927;51929
16000;338667;50836
16000;311580;52146
16000;307690;52184
16000;320665;51427
16000;336797;51866
16000;326650;51400
16000;317895;51718
16000;328140;51562
16000;318253;51584
16000;305220;52488
16000;306283;51858
16000;319237;51804
16000;336475;51088
16000;313828;52016
16000;318653;51587
16000;324439;51241
16000;339005;50958
16000;331063;51881
16000;321413;51516
16000;331224;51225
16000;309365;51908
16000;303089;52503
16000;319843;51285
17000;331199;55484
17000;332672;55784
17000;368054;54795
17000;330071;55795
17000;366196;54431
17000;355226;54936
17000;343211;55082
17000;333195;55594
17000;339474;55377
17000;344583;55010
17000;332038;55328
17000;335557;55274
17000;334961;55365
17000;343116;54914
17000;334059;55368
17000;335021;55728
17000;342468;55090
17000;324705;55801
17000;329302;55709
17000;347143;55544
17000;348101;54858
17000;354032;54819
17000;337627;55423
17000;345831;55143
17000;339324;55326
17000;345910;54974
17000;337929;55344
17000;359162;54248
17000;334814;55707
17000;347956;54865
17000;338184;55315
17000;331730;55624
17000;333497;56102
17000;351004;55206
17000;351631;55478
17000;340749;55300
17000;336535;55535
17000;335270;55521
17000;327761;55528
17000;335938;55410
17000;327059;55868
17000;355233;54706
17000;350255;54946
17000;322447;55790
17000;337397;55277
17000;337478;55466
17000;344773;55358
17000;349961;55207
17000;339469;55489
17000;335913;55383
17000;332159;55601
17000;340447;55273
17000;362748;55072
17000;349632;54832
17000;332767;55428
17000;360857;54666
17000;326124;55810
17000;340526;55628
17000;338698;55314
17000;341751;55158
17000;336276;55175
17000;339338;55392
17000;351541;55132
17000;343266;55014
17000;339963;55220
17000;329423;56065
17000;356561;55164
17000;331704;55554
17000;345659;55523
17000;341985;55023
17000;351139;54840
17000;326197;56101
17000;341639;55582
17000;337451;55497
17000;348283;55016
17000;335349;55526
17000;339420;55386
17000;340057;55301
17000;356186;54705
17000;328547;55949
17000;347739;55142
17000;340420;55042
17000;335365;55864
17000;332396;55471
17000;331544;55548
17000;337773;55246
17000;332733;55561
17000;329826;55791
17000;339229;55411
17000;331058;55490
17000;337429;55254
17000;341450;55062
17000;343243;55020
17000;350244;54831
17000;332902;55692
17000;327889;56156
17000;341899;55400
17000;329052;55689
17000;334669;55438
17000;341454;55216
18000;374879;58621
18000;362944;58767
18000;358633;59240
18000;350256;59397
18000;371856;58318
18000;378637;58780
18000;357402;59035
18000;353289;59151
18000;352939;59361
18000;348592;59426
18000;351650;59485
18000;364967;58797
18000;350076;59275
18000;362434;58774
18000;353072;59544
18000;380423;58357
18000;363849;58774
18000;364032;59059
18000;376265;58329
18000;361175;58672
18000;351459;59219
18000;381463;58582
18000;359512;58939
18000;361205;58609
18000;356513;59049
18000;375282;58662
18000;364941;59267
18000;344607;59586
18000;362320;58924
18000;352159;59262
18000;366087;58595
18000;369935;58924
18000;388601;57838
18000;357813;59084
18000;360082;59102
18000;367586;59014
18000;361168;59013
18000;359392;59145
18000;369672;58505
18000;355703;59234
18000;353473;59356
18000;364509;58857
18000;388940;58002
18000;362656;58620
18000;365653;59012
18000;363234;58696
18000;362745;59025
18000;365577;59155
18000;362506;58674
18000;348305;59678
18000;360346;58744
18000;387608;58453
18000;367081;58650
18000;373010;58562
18000;353046;59226
18000;361855;58897
18000;372155;58763
18000;355434;59192
18000;372406;58992
18000;368529;58857
18000;368921;58845
18000;358829;59055
18000;351795;59416
18000;359242;59243
18000;370735;58611
18000;352781;59472
18000;359332;58915
18000;351092;59393
18000;379091;58331
18000;368372;58844
18000;350224;59268
18000;363920;59295
18000;403328;58214
18000;361301;58545
18000;358834;58996
18000;362697;58590
18000;363004;58650
18000;357811;58963
18000;364114;59180
18000;367676;58407
18000;363373;58977
18000;369925;58813
18000;353923;59124
18000;353683;59361
18000;367538;58519
18000;368024;58820
18000;361014;58869
18000;376357;58222
18000;363461;58805
18000;352602;59385
18000;366918;59006
18000;365295;58612
18000;364068;58914
18000;362434;58653
18000;365339;58992
18000;362440;58841
18000;356609;59694
18000;355698;59055
18000;398305;57879
18000;358916;58876
19000;393517;62071
19000;393194;62808
19000;396015;62330
19000;393046;62529
19000;403367;61709
19000;374587;63173
19000;391926;62123
19000;399296;62750
19000;380129;62507
19000;416691;61935
19000;372338;63109
19000;386495;62149
19000;406674;61632
19000;377130;62548
19000;402610;62586
19000;381932;62395
19000;405235;61856
19000;401751;62040
19000;371271;63118
19000;396044;62053
19000;385387;62555
19000;382772;62574
19000;377801;62929
19000;384406;62675
19000;395727;61925
19000;376015;62883
19000;390672;63008
19000;367956;63236
19000;397734;61986
19000;377047;62466
19000;371873;63191
19000;379309;63168
19000;377299;62670
19000;382426;63216
19000;392693;62371
19000;369608;62965
19000;393327;62306
19000;381832;62399
19000;379277;62811
19000;384293;62255
19000;397292;62255
19000;391150;61990
19000;403319;62228
19000;367246;63307
19000;385079;62088
19000;382561;62326
19000;379487;62758
19000;376103;63200
19000;381676;62639
19000;377470;62752
19000;385520;62050
19000;378913;62473
19000;374580;63063
19000;389429;62562
19000;383798;62801
19000;386973;62374
19000;381184;62649
19000;428809;61886
19000;388401;62351
19000;393432;62583
19000;383634;62713
19000;382080;62253
19000;374201;63040
19000;395742;62481
19000;445475;61347
19000;377159;62993
19000;380910;62739
19000;389344;62348
19000;384087;62475
19000;378791;62949
19000;392847;62569
19000;371691;63472
19000;381897;62608
19000;396035;62431
19000;381705;62514
19000;378082;62747
19000;386772;62065
19000;375205;62640
19000;420782;61400
19000;394720;62148
19000;417385;61676
19000;383276;62569
19000;375030;62790
19000;379561;62792
19000;402344;61842
19000;380339;62756
19000;381147;62502
19000;384137;62547
19000;380875;63322
19000;375850;62744
19000;367247;63080
19000;397627;62268
19000;404124;62124
19000;374525;62774
19000;427568;61849
19000;387366;62504
19000;390348;62582
19000;392093;62425
19000;375311;63277
19000;388720;62238
20000;405800;66114
20000;400357;66149
20000;418268;66269
20000;409775;65749
20000;412746;65884
20000;395293;66458
20000;402554;66569
20000;403486;65956
20000;392650;67030
20000;412449;65946
20000;415468;65860
20000;413584;65775
20000;414069;65943
20000;410345;66210
20000;403377;66096
20000;424294;65467
20000;422621;65715
20000;405488;66421
20000;407554;66019
20000;419433;65697
20000;397767;66374
20000;404733;66228
20000;399740;66681
20000;413857;65568
20000;406148;66362
20000;397056;66617
20000;399591;66660
20000;389077;66814
20000;425818;65298
20000;411822;66308
20000;424822;65800
20000;402526;66087
20000;414209;65963
20000;413543;66070
20000;402673;66102
20000;418265;65318
20000;392129;66710
20000;421827;66000
20000;403398;66310
20000;403389;66074
20000;396373;66523
20000;420229;65611
20000;409076;66020
20000;394662;66638
20000;423367;65451
20000;405431;65856
20000;401462;66048
20000;416878;65744
20000;403990;66329
20000;396331;66280
20000;401951;66390
20000;401971;66531
20000;398286;66457
20000;424834;65631
20000;409940;65461
20000;389813;66812
20000;403486;66480
20000;434731;65328
20000;431349;65558
20000;411137;65802
20000;411158;66040
20000;429518;65909
20000;400739;66244
20000;393998;66734
20000;391965;66612
20000;439995;65743
20000;402939;66384
20000;402662;66543
20000;406487;65748
20000;394671;67213
20000;401777;66511
20000;406205;65970
20000;407704;66531
20000;431091;65384
20000;402746;66298
20000;397168;66639
20000;414431;66221
20000;397406;66574
20000;427316;64991
20000;420661;65456
20000;407289;65877
20000;399636;66183
20000;402574;66216
20000;418566;65621
20000;426476;65439
20000;400238;66394
20000;416230;66066
20000;387934;66962
20000;415002;65794
20000;408508;65707
20000;395123;66482
20000;406862;66377
20000;403305;66110
20000;408695;66114
20000;398552;66508
20000;397458;66481
20000;386413;66802
20000;411192;66276
20000;409361;66014
20000;420340;65389
