10;59;8
10;53;8
10;50;7
10;51;8
10;49;8
10;51;9
10;58;7
10;53;7
10;53;8
10;48;6
20;119;20
20;145;17
20;128;22
20;125;21
20;130;24
20;135;19
20;140;21
20;154;20
20;126;18
20;119;18
30;231;40
30;218;33
30;219;38
30;233;36
30;251;28
30;241;38
30;220;35
30;220;32
30;217;36
30;221;40
40;347;58
40;310;51
40;347;49
40;335;53
40;366;51
40;354;42
40;324;51
40;307;46
40;289;50
40;308;45
50;441;64
50;400;65
50;422;65
50;425;63
50;418;66
50;400;64
50;426;62
50;413;68
50;404;71
50;404;61
60;642;84
60;555;84
60;541;83
60;557;78
60;507;82
60;522;91
60;511;86
60;500;78
60;518;82
60;570;75
70;630;109
70;662;99
70;642;99
70;612;106
70;597;94
70;679;96
70;691;100
70;608;100
70;605;93
70;646;99
80;737;120
80;712;120
80;696;121
80;778;112
80;739;117
80;765;113
80;799;117
80;721;115
80;780;120
80;742;112
90;803;135
90;965;128
90;916;128
90;881;132
90;925;132
90;874;127
90;920;126
90;804;134
90;879;142
90;858;134
100;969;148
100;916;156
100;939;147
100;927;160
100;1006;145
100;964;151
100;966;155
100;976;164
100;930;162
100;1027;152
110;1099;157
110;1165;184
110;1059;177
110;1156;169
110;1159;182
110;1038;174
110;1145;175
110;1066;182
110;1114;172
110;1026;180
120;1194;190
120;1198;188
120;1204;184
120;1146;182
120;1274;195
120;1242;196
120;1497;183
120;1152;191
120;1120;182
120;1305;181
130;1303;208
130;1264;224
130;1472;209
130;1323;209
130;1318;217
130;1346;209
130;1482;187
130;1415;200
130;1237;212
130;1401;211
140;1640;238
140;1711;235
140;1489;240
140;1384;218
140;1485;236
140;1467;232
140;1496;240
140;1374;247
140;1433;236
140;1444;242
150;1625;249
150;1713;246
150;1677;246
150;1519;257
150;1621;254
150;1574;252
150;1630;256
150;1538;258
150;1561;231
150;1492;248
160;1762;278
160;1678;282
160;1665;261
160;1636;290
160;1709;283
160;1782;263
160;1703;266
160;1676;271
160;1649;279
160;1578;277
170;1837;294
170;1883;289
170;1884;285
170;1808;288
170;1859;298
170;1726;301
170;1796;290
170;1923;282
170;1845;295
170;1951;285
180;2073;308
180;2021;328
180;2021;321
180;1989;320
180;1894;320
180;1986;323
180;1871;327
180;2025;306
180;2057;308
180;2105;319
190;2000;342
190;1938;352
190;2188;333
190;2007;322
190;2432;326
190;2197;320
190;2003;335
190;2590;319
190;2091;342
190;2028;341
200;2091;348
200;2354;351
200;2142;378
200;2119;361
200;2186;352
200;2303;352
200;2146;343
200;2212;352
200;2111;348
200;2279;347
1000;14082;2308
1000;13640;2372
1000;15065;2263
1000;14315;2341
1000;16424;2312
1000;14700;2299
1000;14926;2245
1000;15878;2269
1000;13959;2288
1000;13940;2344
2000;33522;5034
2000;32985;5037
2000;32719;5078
2000;32066;5108
2000;30643;5086
2000;30792;5146
2000;31357;5159
2000;33868;5108
2000;32152;5043
2000;29553;5127
3000;50237;8045
3000;49808;8016
3000;47645;8064
3000;49467;8018
3000;49951;8072
3000;48569;8031
3000;47057;8126
3000;48696;8140
3000;48672;8089
3000;48084;8136
4000;65849;11168
4000;69012;11002
4000;69882;11069
4000;68944;11055
4000;70801;11080
4000;67493;11180
4000;71739;10893
4000;66782;11227
4000;66834;11252
4000;68990;10986
5000;86618;14296
5000;87302;14338
5000;89074;14097
5000;84949;14355
5000;89012;14248
5000;94480;14052
5000;85239;14247
5000;89060;14147
5000;89226;14211
5000;83642;14442
6000;114862;17112
6000;107149;17323
6000;110008;17438
6000;114480;17306
6000;117630;17225
6000;111931;17336
6000;119807;17195
6000;105429;17568
6000;105619;17472
6000;108374;17401
7000;136421;20562
7000;127039;20611
7000;126426;20768
7000;131475;20460
7000;123750;20842
7000;134374;20372
7000;136095;20540
7000;133097;20592
7000;130068;20746
7000;127649;20740
8000;148589;24014
8000;147330;23980
8000;154219;23749
8000;143113;24272
8000;142955;24280
8000;156460;23878
8000;150596;23926
8000;151916;24018
8000;148260;23923
8000;144445;24148
9000;174832;27317
9000;177388;27131
9000;161764;27580
9000;171845;27431
9000;172733;27341
9000;167197;27341
9000;164622;27593
9000;170459;27412
9000;165769;27574
9000;174042;27419
10000;202285;30660
10000;189085;30854
10000;190024;30742
10000;193957;30798
10000;190264;30808
10000;181899;31033
10000;186862;30875
10000;187565;30961
10000;185830;30761
10000;194158;30549
11000;213575;33958
11000;203170;34394
11000;202300;34514
11000;215013;34223
11000;201884;34610
11000;203015;34539
11000;211220;34043
11000;215821;34028
11000;208832;34414
11000;218948;34138
12000;231394;37701
12000;228805;37887
12000;228963;38123
12000;226462;38040
12000;233395;37554
12000;235441;37638
12000;232803;37851
12000;237555;37860
12000;226920;37834
12000;234225;37719
13000;244151;41781
13000;267699;40543
13000;249719;41435
13000;253703;41178
13000;274261;40367
13000;256486;40939
13000;247438;41282
13000;255627;41061
13000;249059;41196
13000;255503;41211
14000;285010;44406
14000;276102;44504
14000;266366;44672
14000;268613;44733
14000;285990;44282
14000;266933;44764
14000;290509;44209
14000;264911;45081
14000;275159;44721
14000;284828;44132
15000;296913;48169
15000;300396;47947
15000;316018;47801
15000;305916;47854
15000;316867;48045
15000;295431;48383
15000;299103;47694
15000;288849;48700
15000;303156;48014
15000;297238;48232
16000;312220;51700
16000;320524;51708
16000;321351;51400
16000;309624;51941
16000;315397;51939
16000;301303;52561
16000;311710;51946
16000;336900;50898
16000;316275;51692
16000;356747;50887
17000;327281;56147
17000;354643;54600
17000;331343;55395
17000;350615;55198
17000;357223;54834
17000;351846;54989
17000;328483;55720
17000;357492;54468
17000;336708;55407
17000;325264;56010
18000;359826;59124
18000;360624;59019
18000;362549;58867
18000;348172;59418
18000;374383;58476
18000;371284;58802
18000;358123;59143
18000;354518;59124
18000;359992;58796
18000;354364;59257
19000;388089;62884
19000;396319;62057
19000;375080;62930
19000;371420;63312
19000;373792;63141
19000;372118;62742
19000;379165;62938
19000;369590;63063
19000;363036;63315
19000;376019;63023
20000;451273;65683
20000;411497;66182
20000;404413;65858
20000;410567;66234
20000;401099;66026
20000;405161;66248
20000;405738;66159
20000;420015;66066
20000;407451;66081
20000;404415;66191
